Age,No_of_Dependents,Salary,Partner_salary,Total_salary,Price,Marital_status,Education,Personal_loan,House_loan,Partner_working,Make,Gender_Female,Gender_Male,Profession_Business,Profession_Salaried
53.0,4,99300.0,70700.0,149000.0,61000.0,0,1,0,0,1,1,0,1,1,0
53.0,4,95500.0,70300.0,149000.0,61000.0,0,1,1,0,1,1,1,0,0,1
53.0,3,97300.0,60700.0,149000.0,57000.0,0,1,0,0,1,1,1,0,0,1
53.0,3,72500.0,70300.0,142800.0,61000.0,0,0,1,0,1,2,1,0,0,1
53.0,3,79700.0,60200.0,139900.0,57000.0,0,1,0,0,1,1,0,1,0,1
53.0,3,79800.0,60500.0,140300.0,57000.0,0,1,0,0,1,1,1,0,0,1
53.0,3,80900.0,50800.0,131700.0,51000.0,0,1,1,0,1,1,1,0,0,1
52.0,4,79100.0,40400.0,119500.0,68000.0,0,0,0,0,1,1,0,1,0,1
52.0,3,89400.0,0.0,89400.0,61000.0,0,1,0,0,0,1,0,1,0,1
52.0,3,60276.91326530613,0.0,83700.0,57000.0,0,1,0,0,0,2,0,1,0,1
52.0,4,60276.91326530613,0.0,81600.0,67000.0,0,1,1,0,0,1,0,1,0,1
50.0,2,60276.91326530613,0.0,81300.0,63000.0,0,1,0,0,0,1,0,1,0,1
50.0,3,60276.91326530613,0.0,77400.0,62000.0,0,0,1,0,0,1,1,0,0,1
50.0,3,77600.0,0.0,77600.0,50000.0,0,1,0,0,0,1,1,0,0,1
50.0,3,74100.0,0.0,74100.0,66000.0,0,0,0,0,0,0,1,0,1,0
49.0,2,87600.0,0.0,87600.0,52000.0,1,1,0,0,0,1,0,1,0,1
49.0,3,86800.0,0.0,86800.0,60000.0,0,1,0,0,0,1,0,1,1,0
49.0,4,95100.0,70600.0,149000.0,64000.0,0,1,0,0,1,1,1,0,0,1
29.0,3,92600.0,70300.0,149000.0,58000.0,0,1,0,0,1,1,1,0,1,0
49.0,3,98400.0,60600.0,149000.0,54000.0,0,1,1,0,1,1,0,1,0,1
49.0,3,72700.0,60300.0,133000.0,53000.0,0,0,0,0,1,1,0,1,0,1
49.0,4,84600.0,45500.0,130100.0,62000.0,0,1,1,0,1,1,1,0,0,1
47.0,3,88000.0,40200.0,128200.0,55000.0,0,1,0,0,1,1,1,0,1,0
46.0,3,85400.0,40700.0,126100.0,59000.0,0,1,0,0,1,1,1,0,0,1
46.0,3,78000.0,600.0,78600.0,50000.0,0,1,1,0,1,1,0,1,1,0
46.0,3,87900.0,700.0,88600.0,50000.0,0,1,0,0,1,1,0,1,0,1
46.0,3,81900.0,27800.0,109700.0,31000.0,0,1,0,0,1,1,1,0,0,1
46.0,2,88500.0,0.0,88500.0,60000.0,1,1,0,0,0,1,0,1,0,1
46.0,3,87700.0,0.0,87700.0,56000.0,0,1,0,0,0,1,0,1,0,1
46.0,2,98300.0,70700.0,149000.0,61000.0,0,1,0,0,1,1,1,0,0,1
46.0,4,94900.0,70700.0,149000.0,67000.0,0,1,0,0,1,1,0,1,0,1
46.0,2,91100.0,70000.0,149000.0,66000.0,0,0,1,0,1,1,0,1,1,0
46.0,3,79800.0,40100.0,119900.0,56000.0,0,1,0,0,1,1,0,1,1,0
46.0,4,74500.0,40900.0,115400.0,61000.0,0,0,0,0,1,1,1,0,0,1
45.0,3,81700.0,27000.0,108700.0,52000.0,0,1,0,0,1,1,1,0,0,1
45.0,2,84700.0,0.0,84700.0,59000.0,1,1,1,0,0,1,0,1,0,1
45.0,3,82200.0,0.0,82200.0,61000.0,0,1,0,0,0,1,1,0,1,0
45.0,3,79600.0,0.0,79600.0,54000.0,0,0,0,0,0,1,0,1,0,1
45.0,3,77600.0,0.0,77600.0,64000.0,0,1,0,0,0,1,1,0,0,1
45.0,3,77700.0,0.0,77700.0,53000.0,0,0,1,0,0,1,0,1,1,0
53.0,1,72100.0,20225.5593220339,72100.0,60000.0,0,0,1,0,0,1,1,0,0,1
53.0,4,96600.0,70300.0,149000.0,66000.0,0,1,0,0,1,1,1,0,0,1
52.0,3,94900.0,60300.0,149000.0,55000.0,0,1,0,0,1,1,1,0,0,1
52.0,3,87600.0,20225.5593220339,88200.0,51000.0,0,1,0,0,1,1,0,1,0,1
52.0,3,72800.0,50800.0,123600.0,50000.0,0,0,1,0,1,1,0,1,0,1
52.0,3,73500.0,40500.0,114000.0,59000.0,0,0,1,0,1,1,1,0,1,0
52.0,4,90000.0,0.0,90000.0,61000.0,0,1,1,0,0,1,1,0,0,1
52.0,1,87100.0,0.0,87100.0,62000.0,0,1,0,0,0,1,1,0,1,0
52.0,4,79700.0,0.0,79700.0,63000.0,0,1,0,0,0,1,0,1,1,0
52.0,4,90300.0,20225.5593220339,149000.0,69000.0,0,1,0,0,1,1,1,0,1,0
52.0,3,72200.0,60700.0,132900.0,57000.0,0,0,0,0,1,1,1,0,0,1
52.0,3,78300.0,50400.0,128700.0,52000.0,0,1,1,0,1,1,0,1,1,0
52.0,3,80900.0,40900.0,121800.0,50000.0,0,1,0,0,1,1,0,1,0,1
52.0,3,90200.0,0.0,90200.0,57000.0,0,1,0,0,0,1,1,0,0,1
51.0,3,79500.0,0.0,79500.0,50000.0,0,0,0,0,0,1,0,1,0,1
51.0,2,73400.0,0.0,73400.0,68000.0,0,0,0,0,0,1,1,0,1,0
51.0,2,90600.0,80400.0,149000.0,69000.0,0,1,0,0,1,1,1,0,0,1
54.0,2,93900.0,60200.0,149000.0,57000.0,0,1,0,0,1,1,0,1,1,0
54.0,3,82200.0,60900.0,143100.0,54000.0,0,1,0,0,1,1,0,1,0,1
54.0,3,80600.0,20225.5593220339,81000.0,51000.0,0,0,1,0,1,1,0,1,0,1
54.0,3,85100.0,0.0,85100.0,54000.0,0,1,1,0,0,1,1,0,0,1
54.0,3,82300.0,0.0,82300.0,64000.0,0,1,0,0,0,1,0,1,0,1
54.0,3,82200.0,0.0,82200.0,58000.0,0,1,0,0,0,1,1,0,0,1
54.0,3,81600.0,0.0,81600.0,59000.0,0,1,0,0,0,1,1,0,1,0
54.0,2,60276.91326530613,0.0,79200.0,53000.0,0,1,1,0,0,1,1,0,1,0
53.0,3,82300.0,60100.0,142400.0,55000.0,0,1,0,0,1,1,1,0,1,0
53.0,2,70600.0,70200.0,140800.0,62000.0,0,0,0,0,1,1,1,0,1,0
53.0,4,80900.0,30000.0,110900.0,49000.0,0,0,1,0,1,1,0,1,0,1
53.0,2,79300.0,40300.0,119600.0,55000.0,0,0,1,0,1,1,0,1,1,0
53.0,3,72000.0,40800.0,112800.0,66000.0,0,0,1,0,1,1,1,0,0,1
53.0,3,88200.0,0.0,88200.0,56000.0,0,1,0,0,0,1,0,1,0,1
53.0,3,82300.0,0.0,82300.0,61000.0,0,1,0,0,0,1,0,1,1,0
53.0,3,60276.91326530613,0.0,81000.0,58000.0,0,1,1,0,0,1,0,1,0,1
53.0,3,78400.0,0.0,78400.0,60000.0,0,0,0,0,0,1,1,0,1,0
53.0,2,75400.0,0.0,75400.0,62000.0,0,0,0,0,0,1,1,0,1,0
52.0,4,93900.0,70800.0,149000.0,68000.0,0,1,0,0,1,1,1,0,0,1
52.0,2,91000.0,70800.0,149000.0,60000.0,0,0,0,0,1,1,0,1,0,1
52.0,2,89700.0,900.0,90600.0,51000.0,0,1,0,0,1,1,0,1,0,1
52.0,3,78800.0,60700.0,139500.0,55000.0,0,1,1,0,1,1,1,0,1,0
52.0,2,89800.0,40500.0,130300.0,53000.0,0,1,1,0,1,1,0,1,1,0
52.0,2,89900.0,0.0,89900.0,62000.0,1,1,0,0,0,1,0,1,1,0
52.0,4,88700.0,0.0,88700.0,64000.0,0,1,0,0,0,1,0,1,0,1
52.0,2,88900.0,0.0,88900.0,54000.0,0,1,0,0,0,1,1,0,0,1
52.0,3,83300.0,0.0,83300.0,52000.0,0,1,0,0,0,1,1,0,0,1
52.0,3,79000.0,0.0,79000.0,57000.0,0,1,0,0,0,1,1,0,0,1
52.0,2,77500.0,0.0,77500.0,58000.0,0,1,0,0,0,1,1,0,0,1
52.0,3,76800.0,0.0,76800.0,53000.0,0,0,0,0,0,1,0,1,0,1
51.0,3,92600.0,60900.0,149000.0,55000.0,0,1,0,0,1,1,0,1,0,1
51.0,3,71700.0,60200.0,131900.0,55000.0,0,0,0,0,1,1,0,1,0,1
51.0,2,89500.0,40200.0,129700.0,60000.0,0,1,0,0,1,1,0,1,0,1
51.0,3,76800.0,45000.0,121800.0,51000.0,0,0,0,0,1,1,1,0,1,0
51.0,3,77000.0,40600.0,117600.0,57000.0,0,0,1,0,1,1,0,1,0,1
51.0,4,86000.0,0.0,86000.0,67000.0,0,1,0,0,0,1,0,1,0,1
51.0,0,86900.0,0.0,86900.0,51000.0,1,1,1,0,0,1,0,1,0,1
51.0,3,85900.0,0.0,85900.0,51000.0,0,1,1,0,0,1,1,0,1,0
51.0,2,79900.0,0.0,79900.0,63000.0,0,1,0,0,0,1,0,1,1,0
51.0,3,78400.0,0.0,78400.0,66000.0,0,1,0,0,0,1,0,1,0,1
51.0,4,74800.0,0.0,74800.0,64000.0,0,0,0,0,0,1,0,1,0,1
50.0,4,99300.0,70000.0,149000.0,66000.0,0,1,1,0,1,1,1,0,0,1
50.0,3,98600.0,60500.0,149000.0,56000.0,0,1,1,0,1,1,0,1,0,1
50.0,3,76100.0,50700.0,126800.0,53000.0,0,0,0,0,1,1,0,1,0,1
50.0,2,82700.0,0.0,82700.0,61000.0,0,1,1,0,0,1,0,1,1,0
50.0,4,72000.0,0.0,72000.0,70000.0,0,0,0,0,0,1,0,1,0,1
49.0,4,92300.0,70000.0,149000.0,67000.0,0,0,0,0,1,1,0,1,1,0
49.0,3,80600.0,40600.0,121200.0,69000.0,0,1,0,0,1,1,1,0,0,1
49.0,3,87500.0,0.0,87500.0,53000.0,0,1,0,0,0,1,1,0,1,0
49.0,4,80100.0,0.0,80100.0,64000.0,0,1,0,0,0,1,0,1,0,1
49.0,3,78700.0,0.0,78700.0,68000.0,0,1,0,0,0,1,1,0,0,1
49.0,4,78100.0,0.0,78100.0,65000.0,0,1,0,0,0,1,1,0,1,0
49.0,3,78200.0,0.0,78200.0,58000.0,0,1,0,0,0,1,0,1,0,1
49.0,2,77600.0,0.0,77600.0,67000.0,1,0,1,0,0,1,0,1,0,1
48.0,3,90300.0,20225.5593220339,149000.0,62000.0,0,0,0,0,1,1,1,0,1,0
48.0,2,77900.0,60300.0,138200.0,53000.0,0,0,0,0,1,1,1,0,0,1
48.0,2,82300.0,0.0,82300.0,59000.0,0,1,1,0,0,1,0,1,0,1
48.0,2,60276.91326530613,0.0,81600.0,65000.0,0,1,0,0,0,1,0,1,0,1
48.0,3,78000.0,20225.5593220339,78000.0,59000.0,0,1,0,0,0,1,1,0,0,1
47.0,4,86000.0,80500.0,149000.0,69000.0,0,0,1,0,1,1,0,1,1,0
47.0,2,86100.0,70800.0,149000.0,58000.0,0,0,0,0,1,1,0,1,0,1
47.0,3,79000.0,50400.0,129400.0,52000.0,0,0,0,0,1,1,1,0,0,1
47.0,2,86600.0,40400.0,127000.0,68000.0,0,1,0,0,1,1,0,1,1,0
47.0,1,77800.0,40300.0,118100.0,69000.0,0,0,1,0,1,1,1,0,0,1
47.0,4,89500.0,27700.0,117200.0,62000.0,0,1,1,0,1,1,0,1,1,0
47.0,3,76300.0,40600.0,116900.0,61000.0,0,0,1,0,1,1,1,0,1,0
47.0,3,76200.0,35800.0,112000.0,63000.0,0,0,0,0,1,1,1,0,0,1
47.0,3,78000.0,26600.0,104600.0,57000.0,0,1,0,0,1,1,1,0,0,1
47.0,2,87200.0,0.0,87200.0,49000.0,1,1,1,0,0,1,0,1,0,1
47.0,3,81200.0,0.0,81200.0,58000.0,0,1,0,0,0,1,1,0,0,1
47.0,3,60276.91326530613,0.0,80600.0,69000.0,0,1,1,0,0,1,1,0,1,0
47.0,0,73300.0,0.0,73300.0,50000.0,1,0,1,0,0,1,1,0,1,0
47.0,3,71700.0,0.0,71700.0,51000.0,0,0,0,0,0,1,0,1,0,1
46.0,3,98900.0,60000.0,149000.0,56000.0,0,1,0,0,1,1,1,0,0,1
46.0,3,97700.0,60000.0,149000.0,58000.0,0,1,1,0,1,1,0,1,0,1
46.0,2,82200.0,40900.0,123100.0,66000.0,0,1,0,0,1,1,0,1,0,1
46.0,3,72600.0,900.0,73500.0,51000.0,0,0,0,0,1,1,1,0,0,1
46.0,3,74200.0,27900.0,102100.0,52000.0,0,0,0,0,1,1,1,0,1,0
46.0,3,90700.0,0.0,90700.0,50000.0,0,1,1,0,0,1,1,0,0,1
46.0,3,60276.91326530613,0.0,84000.0,31000.0,0,1,0,0,0,1,1,0,0,1
46.0,3,84800.0,0.0,84800.0,57000.0,0,1,0,0,0,1,1,0,1,0
46.0,0,60276.91326530613,0.0,80200.0,49000.0,1,1,1,0,0,1,1,0,0,1
46.0,2,79200.0,0.0,79200.0,50000.0,0,1,1,0,0,1,0,1,0,1
46.0,4,70400.0,0.0,70400.0,49000.0,0,0,0,0,0,1,1,0,0,1
45.0,3,71000.0,60800.0,131800.0,57000.0,0,1,1,0,1,1,0,1,0,1
45.0,1,84300.0,40000.0,124300.0,43000.0,0,1,1,0,1,2,1,0,0,1
45.0,4,53800.0,70100.0,123900.0,64000.0,0,0,1,0,1,1,1,0,0,1
45.0,2,85200.0,38100.0,123300.0,53000.0,0,1,0,1,1,2,0,1,0,1
45.0,2,85600.0,38200.0,123800.0,47000.0,0,1,0,1,1,2,1,0,0,1
45.0,1,80400.0,40400.0,120800.0,37000.0,0,1,1,0,1,1,1,0,0,1
45.0,2,79700.0,40300.0,120000.0,52000.0,0,1,0,1,1,2,1,0,0,1
45.0,2,77100.0,40900.0,118000.0,35000.0,0,1,1,0,1,2,0,1,1,0
45.0,2,76000.0,40200.0,116200.0,42000.0,0,1,1,1,1,2,0,1,0,1
45.0,2,82300.0,30200.0,112500.0,33000.0,0,1,1,0,1,2,1,0,1,0
45.0,4,71700.0,40600.0,112300.0,61000.0,0,1,0,0,1,1,0,1,0,1
45.0,2,71800.0,38500.0,110300.0,43000.0,0,1,1,1,1,2,0,1,0,1
45.0,2,64400.0,40400.0,104800.0,37000.0,0,0,0,1,1,1,1,0,0,1
45.0,2,73000.0,30000.0,103000.0,34000.0,0,1,0,0,1,2,1,0,0,1
45.0,3,49600.0,50900.0,100500.0,52000.0,0,0,0,0,1,1,0,1,0,1
45.0,1,61300.0,35100.0,96400.0,40000.0,0,0,1,0,1,1,1,0,0,1
45.0,3,50500.0,40900.0,91400.0,62000.0,0,0,0,0,1,1,1,0,1,0
45.0,2,78100.0,0.0,78100.0,52000.0,0,1,0,0,0,1,1,0,0,1
45.0,1,78600.0,0.0,78600.0,50000.0,0,1,1,0,0,2,0,1,0,1
45.0,1,77000.0,0.0,77000.0,40000.0,1,1,0,0,0,2,1,0,0,1
45.0,1,73100.0,0.0,73100.0,36000.0,0,1,0,1,0,1,1,0,0,1
45.0,3,72500.0,0.0,72500.0,51000.0,0,0,1,0,0,1,1,0,0,1
45.0,1,71300.0,20225.5593220339,71300.0,42000.0,0,1,1,1,0,2,0,1,0,1
45.0,1,56700.0,20225.5593220339,56700.0,54000.0,0,0,1,0,0,2,0,1,1,0
45.0,2,55100.0,20225.5593220339,55100.0,65000.0,0,0,0,0,0,1,0,1,0,1
45.0,4,55500.0,0.0,55500.0,61000.0,0,0,0,0,0,1,0,1,1,0
45.0,2,60276.91326530613,0.0,55700.0,36000.0,1,0,1,0,0,2,1,0,0,1
45.0,2,54000.0,0.0,54000.0,54000.0,0,0,0,0,0,2,1,0,0,1
44.0,3,55900.0,70300.0,126200.0,59000.0,0,0,1,0,1,1,1,0,0,1
44.0,1,85300.0,38700.0,124000.0,41000.0,0,1,1,0,1,2,0,1,0,1
44.0,2,81500.0,40600.0,122100.0,37000.0,0,1,1,1,1,2,1,0,1,0
44.0,4,48600.0,70800.0,119400.0,67000.0,0,0,0,0,1,1,1,0,1,0
44.0,2,80000.0,38300.0,118300.0,41000.0,0,1,0,0,1,2,0,1,1,0
44.0,1,79700.0,38900.0,118600.0,41000.0,0,1,1,1,1,2,0,1,1,0
44.0,3,46900.0,70600.0,117500.0,59000.0,0,0,0,0,1,1,0,1,0,1
44.0,2,76000.0,40200.0,116200.0,50000.0,0,1,0,0,1,2,1,0,0,1
44.0,1,76500.0,38100.0,114600.0,48000.0,0,1,1,1,1,2,1,0,1,0
44.0,1,73600.0,40100.0,113700.0,44000.0,0,1,1,0,1,2,0,1,1,0
44.0,1,74600.0,38700.0,113300.0,44000.0,0,1,1,0,1,2,0,1,1,0
44.0,2,71600.0,38900.0,110500.0,43000.0,0,1,1,1,1,2,1,0,1,0
44.0,2,79400.0,23200.0,102600.0,50000.0,0,1,1,0,1,2,0,1,1,0
44.0,2,57300.0,38200.0,95500.0,49000.0,0,0,0,0,1,2,0,1,1,0
44.0,2,56500.0,38700.0,95200.0,41000.0,0,0,0,1,1,1,1,0,0,1
44.0,2,54200.0,40300.0,94500.0,35000.0,0,0,1,0,1,2,1,0,1,0
44.0,2,85900.0,0.0,85900.0,49000.0,0,1,1,1,0,1,1,0,1,0
44.0,1,60200.0,24700.0,84900.0,41000.0,0,0,1,0,1,2,1,0,0,1
44.0,2,84000.0,0.0,84000.0,31000.0,1,1,0,0,0,2,1,0,1,0
44.0,1,83300.0,0.0,83300.0,54000.0,0,1,1,0,0,2,0,1,0,1
44.0,1,83800.0,0.0,83800.0,53000.0,0,1,0,0,0,2,1,0,0,1
44.0,2,82500.0,0.0,82500.0,44000.0,1,1,0,0,0,2,0,1,1,0
44.0,1,50500.0,30800.0,81300.0,32000.0,0,0,1,0,1,2,1,0,0,1
44.0,1,79300.0,0.0,79300.0,33000.0,0,1,1,0,0,2,0,1,1,0
44.0,3,50300.0,28100.0,78400.0,60000.0,0,0,0,0,1,1,0,1,0,1
44.0,1,77200.0,0.0,77200.0,39000.0,0,1,1,0,0,2,0,1,0,1
44.0,1,76700.0,0.0,76700.0,51000.0,0,1,1,0,0,1,1,0,0,1
44.0,2,76300.0,0.0,76300.0,31000.0,1,1,1,0,0,2,0,1,0,1
44.0,1,73200.0,0.0,73200.0,52000.0,1,1,1,0,0,2,1,0,1,0
44.0,2,73400.0,0.0,73400.0,33000.0,1,1,0,1,0,2,0,1,1,0
44.0,3,72600.0,0.0,72600.0,53000.0,0,1,0,0,0,1,0,1,0,1
44.0,1,72800.0,0.0,72800.0,42000.0,0,1,0,1,0,2,0,1,0,1
44.0,2,70100.0,0.0,70100.0,68000.0,1,1,0,0,0,1,0,1,0,1
44.0,2,69600.0,0.0,69600.0,57000.0,0,1,1,0,0,1,0,1,0,1
44.0,0,68600.0,0.0,68600.0,50000.0,1,1,1,0,0,1,0,1,0,1
44.0,1,65400.0,0.0,65400.0,45000.0,0,0,1,0,0,1,1,0,1,0
44.0,2,57100.0,20225.5593220339,57100.0,51000.0,0,0,0,1,0,2,0,1,0,1
44.0,1,54600.0,0.0,54600.0,49000.0,0,0,1,0,0,1,1,0,0,1
44.0,2,60276.91326530613,0.0,50400.0,65000.0,0,0,0,0,0,1,1,0,0,1
44.0,2,60276.91326530613,0.0,49200.0,54000.0,1,0,0,0,0,1,1,0,1,0
43.0,4,53400.0,20225.5593220339,123900.0,64000.0,0,0,1,0,1,1,1,0,0,1
43.0,1,84900.0,38300.0,123200.0,45000.0,0,1,1,0,1,1,1,0,1,0
43.0,1,81500.0,40700.0,122200.0,35000.0,0,1,1,0,1,2,1,0,1,0
43.0,1,77800.0,40800.0,118600.0,39000.0,0,1,0,1,1,2,0,1,0,1
43.0,2,77700.0,38400.0,116100.0,42000.0,0,1,0,0,1,2,0,1,0,1
43.0,1,76100.0,38000.0,114100.0,52000.0,0,1,1,1,1,2,0,1,1,0
43.0,2,75200.0,38300.0,113500.0,46000.0,0,1,1,0,1,2,0,1,0,1
43.0,2,52100.0,60000.0,112100.0,58000.0,0,0,0,0,1,1,1,0,0,1
43.0,1,84000.0,23100.0,107100.0,50000.0,0,1,1,0,1,2,0,1,0,1
43.0,2,75300.0,30100.0,105400.0,31000.0,0,1,0,0,1,2,0,1,0,1
43.0,2,62700.0,40800.0,103500.0,39000.0,0,0,0,0,1,2,0,1,1,0
43.0,1,59000.0,38000.0,97000.0,46000.0,0,0,1,0,1,2,0,1,1,0
43.0,1,58100.0,38400.0,96500.0,51000.0,0,0,1,1,1,2,0,1,0,1
43.0,1,57400.0,38200.0,95600.0,54000.0,0,0,0,0,1,2,0,1,1,0
43.0,4,51600.0,40500.0,92100.0,69000.0,0,0,0,0,1,1,0,1,0,1
43.0,2,52700.0,38500.0,91200.0,53000.0,0,0,0,0,1,2,0,1,0,1
43.0,2,56900.0,30200.0,87100.0,32000.0,0,0,0,1,1,2,0,1,1,0
43.0,2,82600.0,0.0,82600.0,32000.0,0,1,1,1,0,2,0,1,1,0
43.0,1,78100.0,0.0,78100.0,55000.0,0,1,1,1,0,2,0,1,0,1
43.0,1,78000.0,0.0,78000.0,32000.0,0,1,0,1,0,2,1,0,0,1
43.0,2,52900.0,25700.0,78600.0,39000.0,0,0,1,0,1,1,1,0,0,1
43.0,1,75300.0,0.0,75300.0,47000.0,1,1,1,0,0,2,0,1,1,0
43.0,1,75300.0,0.0,75300.0,47000.0,0,1,0,0,0,2,1,0,0,1
43.0,3,72900.0,0.0,72900.0,57000.0,0,1,0,0,0,1,1,0,0,1
43.0,2,72600.0,0.0,72600.0,46000.0,1,1,1,0,0,2,1,0,1,0
43.0,2,71100.0,0.0,71100.0,62000.0,0,0,0,0,0,1,1,0,1,0
43.0,2,71800.0,0.0,71800.0,47000.0,1,1,1,0,0,2,0,1,0,1
43.0,1,62300.0,0.0,62300.0,32000.0,0,0,1,1,0,2,1,0,1,0
43.0,1,61600.0,0.0,61600.0,42000.0,0,0,1,0,0,2,1,0,0,1
43.0,4,54500.0,20225.5593220339,54500.0,69000.0,0,0,1,0,0,1,0,1,0,1
43.0,1,54900.0,0.0,54900.0,35000.0,0,0,1,0,0,2,0,1,0,1
43.0,1,53600.0,0.0,53600.0,48000.0,0,0,1,0,0,2,0,1,0,1
43.0,2,53300.0,20225.5593220339,53300.0,33000.0,1,0,1,0,0,2,0,1,0,1
43.0,2,51600.0,0.0,51600.0,34000.0,0,0,1,0,0,2,0,1,1,0
42.0,1,85400.0,40100.0,125500.0,43000.0,0,1,1,1,1,2,0,1,0,1
42.0,3,74500.0,50700.0,125200.0,50000.0,0,1,0,0,1,1,0,1,0,1
42.0,2,83800.0,38300.0,122100.0,50000.0,0,1,0,1,1,2,0,1,0,1
42.0,4,50100.0,70400.0,120500.0,65000.0,0,0,0,0,1,1,1,0,0,1
42.0,2,80200.0,40800.0,121000.0,39000.0,0,1,1,1,1,1,1,0,0,1
42.0,2,78500.0,40700.0,119200.0,37000.0,0,1,0,0,1,2,0,1,0,1
42.0,2,75500.0,200.0,75700.0,33000.0,0,1,1,0,1,2,0,1,0,1
42.0,2,74700.0,40800.0,115500.0,38000.0,0,1,0,0,1,2,1,0,1,0
42.0,2,73800.0,38300.0,112100.0,53000.0,0,1,0,0,1,2,1,0,0,1
42.0,1,82700.0,27700.0,110400.0,43000.0,0,1,1,0,1,2,1,0,0,1
42.0,2,78500.0,30900.0,109400.0,32000.0,0,1,0,1,1,1,1,0,1,0
42.0,2,80900.0,26100.0,107000.0,32000.0,0,1,0,0,1,1,1,0,1,0
42.0,1,59900.0,45700.0,105600.0,39000.0,0,0,0,1,1,2,1,0,0,1
42.0,2,56200.0,38700.0,94900.0,49000.0,0,0,1,1,1,2,0,1,1,0
42.0,2,56800.0,38100.0,94900.0,45000.0,0,0,1,0,1,1,1,0,0,1
42.0,2,54300.0,400.0,54700.0,31000.0,0,0,0,0,1,1,1,0,1,0
42.0,2,83700.0,0.0,83700.0,36000.0,0,1,0,0,0,1,1,0,0,1
42.0,2,51000.0,28200.0,79200.0,38000.0,0,0,1,0,1,2,0,1,1,0
42.0,1,77700.0,0.0,77700.0,49000.0,1,1,1,0,0,2,0,1,1,0
42.0,1,76300.0,0.0,76300.0,36000.0,0,1,0,0,0,2,0,1,1,0
42.0,2,76400.0,0.0,76400.0,36000.0,1,1,1,0,0,2,0,1,0,1
42.0,2,73500.0,0.0,73500.0,35000.0,1,1,1,0,0,2,1,0,1,0
42.0,1,73700.0,0.0,73700.0,33000.0,1,1,0,0,0,2,1,0,1,0
42.0,2,68800.0,0.0,68800.0,61000.0,0,1,0,0,0,1,1,0,0,1
42.0,3,68900.0,0.0,68900.0,59000.0,0,1,0,0,0,1,0,1,0,1
42.0,2,63800.0,0.0,63800.0,41000.0,1,0,0,1,0,2,0,1,0,1
42.0,2,61800.0,0.0,61800.0,46000.0,0,0,1,1,0,2,0,1,0,1
42.0,2,57100.0,20225.5593220339,57100.0,45000.0,0,0,1,0,0,1,1,0,0,1
42.0,1,56200.0,0.0,56200.0,47000.0,0,0,1,1,0,2,1,0,0,1
42.0,2,53700.0,0.0,53700.0,63000.0,1,0,0,0,0,1,1,0,0,1
42.0,1,53000.0,0.0,53000.0,45000.0,0,0,1,1,0,2,0,1,0,1
42.0,3,52300.0,0.0,52300.0,57000.0,0,0,0,0,0,1,0,1,0,1
42.0,1,52500.0,20225.5593220339,52500.0,49000.0,0,0,0,0,0,1,1,0,0,1
42.0,3,51800.0,0.0,51800.0,59000.0,0,0,1,0,0,1,0,1,1,0
41.0,3,87000.0,70900.0,149000.0,61000.0,0,1,0,0,1,1,0,1,0,1
41.0,3,67200.0,70000.0,137200.0,61000.0,0,1,0,0,1,1,0,1,1,0
41.0,2,85500.0,38800.0,124300.0,52000.0,0,1,1,0,1,2,0,1,0,1
41.0,1,75900.0,40100.0,116000.0,43000.0,0,1,0,1,1,2,0,1,1,0
41.0,3,69100.0,45200.0,114300.0,67000.0,0,1,0,0,1,1,1,0,0,1
41.0,2,70200.0,38300.0,108500.0,54000.0,0,1,1,0,1,2,0,1,0,1
41.0,1,82900.0,26800.0,109700.0,45000.0,0,1,1,1,1,2,1,0,1,0
41.0,2,70500.0,20225.5593220339,105800.0,33000.0,0,1,0,0,1,2,1,0,1,0
41.0,2,60600.0,40300.0,100900.0,38000.0,0,0,0,0,1,2,1,0,1,0
41.0,2,59300.0,38900.0,98200.0,52000.0,0,0,0,1,1,2,1,0,0,1
41.0,2,47600.0,50900.0,98500.0,51000.0,0,0,1,0,1,1,1,0,0,1
41.0,1,63800.0,30900.0,94700.0,54000.0,0,0,1,0,1,2,0,1,1,0
41.0,1,59200.0,26800.0,86000.0,38000.0,0,0,0,0,1,2,1,0,0,1
41.0,1,81900.0,0.0,81900.0,32000.0,1,1,0,0,0,2,0,1,0,1
41.0,4,74000.0,0.0,74000.0,64000.0,0,1,0,0,0,1,0,1,1,0
41.0,2,73400.0,20225.5593220339,73400.0,45000.0,0,1,0,0,0,1,1,0,0,1
41.0,2,72500.0,0.0,72500.0,44000.0,0,1,1,0,0,2,1,0,0,1
41.0,2,71800.0,0.0,71800.0,66000.0,1,1,0,0,0,1,1,0,0,1
41.0,1,71400.0,0.0,71400.0,36000.0,0,1,0,1,0,1,1,0,0,1
41.0,3,69400.0,0.0,69400.0,57000.0,0,1,0,0,0,1,0,1,0,1
41.0,1,64300.0,0.0,64300.0,44000.0,0,0,1,0,0,2,0,1,1,0
41.0,1,62200.0,0.0,62200.0,42000.0,0,0,1,1,0,2,1,0,0,1
41.0,1,58300.0,0.0,58300.0,52000.0,0,0,1,1,0,2,1,0,1,0
41.0,1,58300.0,0.0,58300.0,39000.0,0,0,1,1,0,2,1,0,0,1
41.0,2,57700.0,0.0,57700.0,53000.0,0,0,1,1,0,2,0,1,0,1
41.0,1,55900.0,0.0,55900.0,32000.0,0,0,1,0,0,2,0,1,0,1
41.0,1,54400.0,0.0,54400.0,49000.0,1,0,0,0,0,2,1,0,0,1
40.0,4,71700.0,70700.0,142400.0,61000.0,0,1,0,0,1,1,0,1,0,1
40.0,4,70000.0,70800.0,140800.0,65000.0,0,1,0,0,1,1,1,0,1,0
40.0,3,74200.0,60400.0,134600.0,57000.0,0,1,1,0,1,1,0,1,0,1
40.0,2,84500.0,40900.0,125400.0,32000.0,0,1,0,0,1,2,0,1,0,1
40.0,2,82100.0,40800.0,122900.0,39000.0,0,1,0,1,1,2,0,1,1,0
40.0,2,81300.0,38800.0,120100.0,43000.0,0,1,0,0,1,2,0,1,0,1
40.0,2,81500.0,38700.0,120200.0,40000.0,0,1,1,0,1,2,0,1,0,1
40.0,2,77000.0,40400.0,117400.0,41000.0,0,1,1,0,1,2,1,0,0,1
40.0,2,76300.0,40100.0,116400.0,53000.0,0,1,0,0,1,2,0,1,0,1
40.0,2,71200.0,38300.0,109500.0,49000.0,0,1,1,1,1,1,1,0,1,0
40.0,2,64400.0,30300.0,94700.0,32000.0,0,0,0,0,1,1,1,0,0,1
40.0,4,52900.0,40500.0,93400.0,63000.0,0,0,1,0,1,1,1,0,0,1
40.0,1,52400.0,40800.0,93200.0,41000.0,0,0,1,0,1,2,1,0,0,1
40.0,2,51700.0,40100.0,91800.0,36000.0,0,0,1,0,1,2,0,1,1,0
40.0,1,85000.0,0.0,85000.0,33000.0,0,1,1,1,0,2,1,0,1,0
40.0,1,83300.0,0.0,83300.0,50000.0,0,1,1,0,0,2,0,1,0,1
40.0,1,80800.0,0.0,80800.0,48000.0,0,1,0,0,0,2,1,0,1,0
40.0,2,75200.0,0.0,75200.0,64000.0,0,1,1,0,0,1,0,1,0,1
40.0,3,74000.0,0.0,74000.0,62000.0,0,1,1,0,0,1,1,0,0,1
40.0,2,73900.0,0.0,73900.0,42000.0,0,1,1,1,0,2,0,1,0,1
40.0,2,72800.0,0.0,72800.0,51000.0,0,1,1,0,0,1,0,1,0,1
40.0,1,59600.0,0.0,59600.0,31000.0,0,0,0,1,0,2,0,1,1,0
40.0,1,58400.0,20225.5593220339,58400.0,44000.0,0,0,0,1,0,2,0,1,0,1
40.0,1,50000.0,20225.5593220339,50000.0,50000.0,0,0,0,0,0,2,1,0,0,1
40.0,2,48300.0,0.0,48300.0,64000.0,0,0,0,0,0,1,0,1,1,0
39.0,3,87500.0,70700.0,149000.0,68000.0,0,1,0,0,1,1,1,0,0,1
39.0,4,68000.0,70000.0,138000.0,63000.0,0,1,0,0,1,1,0,1,0,1
39.0,1,84300.0,40500.0,124800.0,34000.0,0,1,0,1,1,2,1,0,0,1
39.0,3,52500.0,70300.0,122800.0,60000.0,0,0,0,0,1,1,1,0,0,1
39.0,4,72300.0,25800.0,98100.0,49000.0,0,1,0,0,1,1,1,0,1,0
39.0,2,78100.0,40900.0,119000.0,39000.0,0,1,1,1,1,1,1,0,0,1
39.0,2,79300.0,38000.0,117300.0,40000.0,0,1,0,0,1,2,0,1,0,1
39.0,1,76200.0,800.0,77000.0,33000.0,0,1,1,1,1,2,0,1,1,0
39.0,3,55500.0,60900.0,116400.0,55000.0,0,0,1,0,1,1,1,0,0,1
39.0,3,74900.0,40700.0,115600.0,58000.0,0,1,1,0,1,1,0,1,0,1
39.0,2,76800.0,20225.5593220339,115400.0,50000.0,0,1,1,0,1,2,0,1,0,1
39.0,1,75900.0,38400.0,114300.0,54000.0,0,1,1,0,1,2,0,1,1,0
39.0,1,73200.0,40100.0,113300.0,35000.0,0,1,0,0,1,2,1,0,0,1
39.0,1,71900.0,38600.0,110500.0,49000.0,0,1,0,1,1,2,0,1,0,1
39.0,2,70100.0,38700.0,108800.0,46000.0,0,1,1,0,1,2,1,0,1,0
39.0,1,78800.0,200.0,79000.0,32000.0,0,1,0,1,1,2,1,0,0,1
39.0,2,73500.0,30800.0,104300.0,34000.0,0,1,1,1,1,2,0,1,0,1
39.0,1,78300.0,24500.0,102800.0,51000.0,0,1,1,1,1,1,1,0,0,1
39.0,2,64600.0,38900.0,103500.0,49000.0,0,0,1,1,1,1,1,0,0,1
39.0,2,60400.0,40200.0,100600.0,36000.0,0,0,1,0,1,2,0,1,0,1
39.0,1,58800.0,40600.0,99400.0,37000.0,0,0,0,0,1,1,1,0,0,1
39.0,2,57800.0,40300.0,98100.0,54000.0,0,0,1,0,1,2,1,0,1,0
39.0,2,59300.0,38800.0,98100.0,51000.0,0,0,1,1,1,2,1,0,1,0
39.0,2,57400.0,38300.0,95700.0,46000.0,0,0,1,1,1,2,0,1,1,0
39.0,2,54900.0,40300.0,95200.0,54000.0,0,0,0,0,1,2,1,0,0,1
39.0,2,57500.0,30700.0,88200.0,34000.0,0,0,1,0,1,2,0,1,1,0
39.0,1,83900.0,0.0,83900.0,47000.0,0,1,1,0,0,2,0,1,0,1
39.0,1,83300.0,0.0,83300.0,39000.0,0,1,1,0,0,2,1,0,0,1
39.0,2,51800.0,28500.0,80300.0,68000.0,0,0,0,0,1,1,1,0,0,1
39.0,2,78900.0,0.0,78900.0,34000.0,0,1,0,1,0,2,0,1,1,0
39.0,2,51500.0,24900.0,76400.0,45000.0,0,0,0,1,1,1,1,0,0,1
39.0,3,73000.0,0.0,73000.0,67000.0,0,1,0,0,0,1,0,1,1,0
39.0,1,71800.0,20225.5593220339,71800.0,54000.0,1,1,0,0,0,2,0,1,1,0
39.0,1,71500.0,0.0,71500.0,36000.0,0,1,1,0,0,1,1,0,1,0
39.0,4,68900.0,20225.5593220339,68900.0,65000.0,0,1,0,0,0,1,0,1,1,0
39.0,2,68900.0,0.0,68900.0,55000.0,0,1,1,0,0,1,1,0,0,1
39.0,2,60100.0,0.0,60100.0,38000.0,0,0,1,1,0,2,1,0,1,0
39.0,1,59500.0,20225.5593220339,59500.0,55000.0,1,0,1,1,0,2,0,1,0,1
39.0,3,55000.0,0.0,55000.0,57000.0,0,0,1,0,0,1,0,1,0,1
39.0,1,55800.0,0.0,55800.0,55000.0,0,0,1,1,0,2,0,1,1,0
39.0,2,48600.0,0.0,48600.0,63000.0,0,0,0,0,0,1,1,0,0,1
38.0,1,84900.0,38500.0,123400.0,52000.0,0,1,1,0,1,2,1,0,0,1
38.0,2,81800.0,40600.0,122400.0,38000.0,0,1,1,1,1,2,0,1,0,1
38.0,2,82700.0,38500.0,121200.0,47000.0,0,1,0,0,1,2,0,1,1,0
38.0,2,80200.0,40400.0,120600.0,35000.0,0,1,0,0,1,2,0,1,1,0
38.0,4,49700.0,70500.0,120200.0,64000.0,0,0,1,0,1,1,1,0,0,1
38.0,2,81700.0,38200.0,119900.0,46000.0,0,1,1,1,1,2,1,0,0,1
38.0,2,79000.0,20225.5593220339,117400.0,46000.0,0,1,1,0,1,2,0,1,0,1
38.0,1,76600.0,40100.0,116700.0,45000.0,0,1,0,0,1,2,0,1,0,1
38.0,3,73000.0,40300.0,113300.0,57000.0,0,1,1,0,1,1,1,0,1,0
38.0,2,75300.0,38700.0,114000.0,43000.0,0,1,0,0,1,2,0,1,0,1
38.0,2,72200.0,40300.0,112500.0,52000.0,0,1,1,0,1,2,1,0,0,1
38.0,2,72800.0,40600.0,113400.0,39000.0,0,1,0,1,1,1,1,0,0,1
38.0,3,70200.0,40000.0,110200.0,57000.0,0,1,1,0,1,1,0,1,0,1
38.0,2,72400.0,38700.0,111100.0,48000.0,0,1,1,1,1,2,0,1,1,0
38.0,3,49300.0,60400.0,109700.0,56000.0,0,0,0,0,1,1,1,0,0,1
38.0,2,71500.0,35900.0,107400.0,50000.0,0,1,1,0,1,2,1,0,1,0
38.0,2,72900.0,30500.0,103400.0,34000.0,0,1,1,1,1,2,0,1,0,1
38.0,2,55300.0,40500.0,95800.0,39000.0,0,0,1,1,1,2,0,1,0,1
38.0,2,51800.0,40800.0,92600.0,43000.0,0,0,1,0,1,2,0,1,1,0
38.0,2,50900.0,40300.0,91200.0,55000.0,0,0,1,0,1,1,0,1,1,0
38.0,2,50100.0,40000.0,90100.0,54000.0,0,0,1,0,1,2,0,1,0,1
38.0,2,60000.0,30900.0,90900.0,33000.0,0,0,1,0,1,2,0,1,0,1
38.0,1,57800.0,28900.0,86700.0,33000.0,0,0,1,1,1,2,1,0,0,1
38.0,1,83400.0,0.0,83400.0,34000.0,0,1,1,0,0,2,0,1,1,0
38.0,2,82100.0,0.0,82100.0,42000.0,0,1,1,0,0,2,0,1,0,1
38.0,1,76100.0,0.0,76100.0,45000.0,1,1,0,0,0,2,0,1,0,1
38.0,2,74000.0,0.0,74000.0,45000.0,0,1,0,0,0,1,1,0,0,1
38.0,3,73900.0,0.0,73900.0,60000.0,0,1,0,0,0,1,0,1,1,0
38.0,4,70700.0,0.0,70700.0,63000.0,0,1,0,0,0,1,1,0,1,0
38.0,1,65800.0,0.0,65800.0,32000.0,0,0,1,0,0,2,0,1,0,1
38.0,2,65200.0,0.0,65200.0,31000.0,0,0,1,1,0,2,0,1,1,0
38.0,1,63900.0,0.0,63900.0,46000.0,0,0,1,1,0,2,1,0,0,1
38.0,2,62800.0,0.0,62800.0,47000.0,0,0,1,0,0,2,1,0,0,1
38.0,2,61000.0,0.0,61000.0,39000.0,0,0,0,0,0,2,0,1,0,1
38.0,1,54700.0,0.0,54700.0,52000.0,0,0,1,0,0,2,0,1,0,1
38.0,1,53300.0,0.0,53300.0,47000.0,0,0,1,0,0,2,0,1,0,1
38.0,3,50400.0,0.0,50400.0,51000.0,0,0,1,0,0,1,1,0,0,1
38.0,1,50100.0,0.0,50100.0,42000.0,1,0,0,0,0,2,0,1,1,0
37.0,2,84200.0,40500.0,124700.0,39000.0,0,1,0,0,1,1,1,0,1,0
37.0,2,84300.0,40500.0,124800.0,38000.0,0,1,1,0,1,2,0,1,0,1
37.0,4,53100.0,70600.0,123700.0,63000.0,0,0,0,0,1,1,0,1,1,0
37.0,1,82000.0,40000.0,122000.0,37000.0,0,1,0,0,1,2,1,0,1,0
37.0,2,81600.0,40100.0,121700.0,49000.0,0,1,0,1,1,2,0,1,1,0
37.0,1,81200.0,40500.0,121700.0,36000.0,0,1,0,0,1,1,1,0,0,1
29.0,2,80600.0,40500.0,121100.0,43000.0,0,1,1,1,1,2,0,1,0,1
37.0,1,81200.0,38500.0,119700.0,48000.0,0,1,1,0,1,2,0,1,1,0
37.0,2,80700.0,38000.0,118700.0,44000.0,0,1,0,0,1,2,0,1,0,1
37.0,1,77700.0,38700.0,116400.0,49000.0,0,1,1,1,1,2,0,1,0,1
37.0,2,70700.0,40600.0,111300.0,36000.0,0,1,1,1,1,2,0,1,0,1
37.0,1,82600.0,27200.0,109800.0,48000.0,0,1,1,0,1,1,1,0,0,1
37.0,1,62100.0,45900.0,108000.0,36000.0,0,0,0,1,1,2,0,1,0,1
37.0,1,76400.0,30700.0,107100.0,33000.0,0,1,0,0,1,2,0,1,0,1
37.0,2,65700.0,38500.0,104200.0,50000.0,0,0,1,1,1,2,0,1,0,1
37.0,1,60600.0,40500.0,101100.0,55000.0,0,0,0,1,1,2,1,0,1,0
37.0,2,62000.0,20225.5593220339,100700.0,46000.0,0,0,1,1,1,2,1,0,0,1
37.0,1,55400.0,40700.0,96100.0,47000.0,0,0,0,1,1,2,1,0,0,1
37.0,1,55000.0,40200.0,95200.0,43000.0,0,0,1,0,1,2,1,0,0,1
37.0,1,76300.0,0.0,76300.0,47000.0,0,1,0,0,0,2,1,0,1,0
37.0,1,74500.0,20225.5593220339,74500.0,49000.0,0,1,0,0,0,2,0,1,0,1
37.0,4,73300.0,0.0,73300.0,66000.0,0,1,0,0,0,1,1,0,1,0
37.0,3,73700.0,0.0,73700.0,50000.0,0,1,1,0,0,1,0,1,0,1
37.0,2,72600.0,20225.5593220339,72600.0,33000.0,0,1,0,1,0,2,0,1,0,1
37.0,2,67000.0,0.0,67000.0,69000.0,0,1,0,0,0,1,0,1,0,1
37.0,2,66600.0,20225.5593220339,66600.0,68000.0,0,1,1,0,0,1,1,0,0,1
37.0,1,65100.0,0.0,65100.0,47000.0,0,0,0,1,0,2,0,1,1,0
37.0,2,61000.0,0.0,61000.0,55000.0,1,0,1,0,0,2,1,0,0,1
37.0,1,61600.0,0.0,61600.0,33000.0,0,0,0,1,0,2,1,0,0,1
37.0,2,51300.0,0.0,51300.0,58000.0,0,0,0,0,0,1,1,0,0,1
37.0,3,49900.0,0.0,49900.0,51000.0,0,0,0,0,0,1,0,1,0,1
36.0,2,82100.0,38100.0,120200.0,40000.0,0,1,0,0,1,2,0,1,0,1
36.0,2,79900.0,38900.0,118800.0,55000.0,0,1,1,0,1,2,0,1,1,0
36.0,1,76300.0,40200.0,116500.0,50000.0,0,1,0,1,1,2,0,1,0,1
36.0,2,53800.0,60000.0,113800.0,56000.0,0,0,0,0,1,1,0,1,1,0
36.0,4,72300.0,40700.0,113000.0,65000.0,0,1,1,0,1,1,0,1,0,1
36.0,2,72300.0,20225.5593220339,112400.0,48000.0,0,1,0,0,1,2,0,1,1,0
36.0,2,73000.0,38300.0,111300.0,50000.0,0,1,0,1,1,2,1,0,0,1
36.0,1,84100.0,25300.0,109400.0,47000.0,0,1,1,0,1,2,0,1,1,0
36.0,4,66900.0,40200.0,107100.0,69000.0,0,1,0,0,1,1,0,1,0,1
36.0,2,61200.0,40400.0,101600.0,36000.0,0,0,0,0,1,2,0,1,0,1
36.0,2,62900.0,38300.0,101200.0,53000.0,0,0,1,1,1,2,1,0,0,1
36.0,2,70300.0,28900.0,99200.0,36000.0,0,1,0,1,1,2,0,1,1,0
36.0,2,59300.0,35600.0,94900.0,48000.0,0,0,0,0,1,2,1,0,1,0
36.0,2,70700.0,24500.0,95200.0,39000.0,0,1,0,1,1,2,0,1,0,1
36.0,2,51200.0,40000.0,91200.0,35000.0,0,0,0,1,1,2,0,1,0,1
36.0,2,47000.0,40400.0,87400.0,61000.0,0,0,1,0,1,1,0,1,0,1
36.0,2,85800.0,0.0,85800.0,42000.0,0,1,1,0,0,2,1,0,1,0
36.0,2,79200.0,0.0,79200.0,47000.0,1,1,1,0,0,2,0,1,0,1
36.0,1,52500.0,26800.0,79300.0,54000.0,0,0,0,1,1,2,0,1,0,1
36.0,2,78300.0,0.0,78300.0,51000.0,1,1,0,0,0,2,0,1,0,1
36.0,2,77100.0,0.0,77100.0,32000.0,1,1,1,1,0,2,1,0,0,1
36.0,1,75200.0,0.0,75200.0,44000.0,0,1,1,1,0,2,0,1,0,1
36.0,3,69900.0,0.0,69900.0,57000.0,0,1,1,0,0,1,1,0,1,0
36.0,0,67500.0,0.0,67500.0,55000.0,1,1,0,0,0,1,1,0,0,1
36.0,3,66600.0,0.0,66600.0,49000.0,0,1,1,0,0,1,0,1,0,1
36.0,1,62900.0,0.0,62900.0,52000.0,0,0,0,0,0,1,1,0,0,1
36.0,1,59700.0,20225.5593220339,59700.0,44000.0,0,0,1,1,0,2,1,0,0,1
36.0,1,58900.0,0.0,58900.0,53000.0,0,0,1,0,0,2,1,0,0,1
36.0,1,57200.0,0.0,57200.0,48000.0,0,0,0,0,0,2,1,0,0,1
36.0,1,56600.0,0.0,56600.0,50000.0,0,0,0,0,0,2,0,1,0,1
36.0,1,55400.0,0.0,55400.0,36000.0,0,0,0,0,0,1,1,0,0,1
36.0,2,55700.0,0.0,55700.0,34000.0,0,0,1,1,0,2,0,1,1,0
36.0,3,54900.0,0.0,54900.0,58000.0,0,0,0,0,0,1,0,1,0,1
36.0,2,52100.0,0.0,52100.0,37000.0,0,0,1,1,0,2,0,1,0,1
36.0,2,47300.0,20225.5593220339,47300.0,66000.0,1,0,1,0,0,1,1,0,0,1
35.0,4,68000.0,70800.0,138800.0,64000.0,0,1,0,0,1,1,1,0,1,0
35.0,3,53900.0,60600.0,114500.0,54000.0,0,0,0,0,1,1,0,1,0,1
35.0,4,67600.0,40900.0,108500.0,70000.0,0,1,1,0,1,1,0,1,1,0
35.0,2,65700.0,40400.0,106100.0,33000.0,0,1,0,0,1,2,1,0,1,0
35.0,1,64000.0,40800.0,104800.0,34000.0,0,1,1,0,1,2,0,1,1,0
35.0,2,64800.0,38900.0,103700.0,55000.0,0,1,0,0,1,2,0,1,1,0
35.0,4,69900.0,30900.0,100800.0,62000.0,0,1,1,0,1,1,0,1,0,1
35.0,1,61400.0,38000.0,99400.0,45000.0,0,1,1,0,1,2,0,1,1,0
35.0,2,61100.0,38100.0,99200.0,43000.0,0,1,1,1,1,2,1,0,1,0
35.0,2,58900.0,38700.0,97600.0,51000.0,0,1,1,0,1,2,1,0,1,0
35.0,1,56300.0,40900.0,97200.0,34000.0,0,1,1,1,1,2,0,1,0,1
35.0,2,61600.0,25000.0,86600.0,31000.0,0,1,1,1,1,2,0,1,1,0
35.0,2,57700.0,38000.0,95700.0,50000.0,0,1,1,0,1,2,1,0,0,1
35.0,2,56000.0,38300.0,94300.0,43000.0,0,1,1,0,1,2,1,0,0,1
35.0,4,51000.0,40200.0,91200.0,63000.0,0,0,0,0,1,1,0,1,1,0
35.0,2,59900.0,30900.0,90800.0,33000.0,0,1,0,0,1,2,0,1,0,1
35.0,2,62700.0,26800.0,89500.0,33000.0,0,1,0,1,1,2,0,1,1,0
35.0,2,56000.0,25200.0,81200.0,44000.0,0,1,0,0,1,2,1,0,0,1
35.0,4,53200.0,25800.0,79000.0,66000.0,0,0,0,0,1,1,1,0,1,0
35.0,4,50500.0,26300.0,76800.0,66000.0,0,0,0,0,1,1,0,1,0,1
35.0,3,74100.0,0.0,74100.0,68000.0,0,1,0,0,0,1,0,1,1,0
35.0,1,35300.0,38100.0,73400.0,48000.0,0,0,0,0,1,2,0,1,1,0
35.0,3,71400.0,0.0,71400.0,63000.0,0,1,0,0,0,1,0,1,0,1
35.0,2,70900.0,0.0,70900.0,59000.0,0,1,1,0,0,1,0,1,1,0
35.0,1,65600.0,20225.5593220339,65600.0,34000.0,0,1,0,0,0,2,1,0,0,1
35.0,2,63400.0,0.0,63400.0,47000.0,0,1,1,0,0,2,0,1,0,1
35.0,1,63700.0,0.0,63700.0,37000.0,0,1,0,0,0,2,1,0,1,0
35.0,2,36300.0,27700.0,64000.0,33000.0,0,0,1,0,1,2,1,0,0,1
35.0,1,62200.0,20225.5593220339,62200.0,36000.0,0,1,1,0,0,2,0,1,1,0
35.0,1,60100.0,0.0,60100.0,31000.0,0,1,1,1,0,1,1,0,0,1
35.0,2,59000.0,0.0,59000.0,50000.0,0,1,0,0,0,2,0,1,0,1
35.0,1,58700.0,0.0,58700.0,51000.0,0,1,0,1,0,2,0,1,0,1
35.0,1,57100.0,0.0,57100.0,52000.0,0,1,1,1,0,2,0,1,0,1
35.0,1,57000.0,0.0,57000.0,40000.0,0,1,1,0,0,1,1,0,0,1
35.0,3,53400.0,0.0,53400.0,51000.0,0,0,1,0,0,1,1,0,0,1
35.0,4,51800.0,20225.5593220339,51800.0,69000.0,0,0,1,0,0,1,0,1,0,1
35.0,2,50400.0,0.0,50400.0,57000.0,0,0,1,0,0,1,1,0,0,1
35.0,3,48200.0,0.0,48200.0,58000.0,0,0,0,0,0,1,0,1,0,1
35.0,2,42200.0,0.0,42200.0,41000.0,0,0,1,1,0,2,0,1,0,1
35.0,2,40200.0,0.0,40200.0,35000.0,0,0,1,1,0,2,0,1,0,1
35.0,2,38800.0,0.0,38800.0,48000.0,0,0,1,1,0,2,0,1,1,0
34.0,1,63600.0,38700.0,102300.0,53000.0,0,1,1,0,1,2,0,1,0,1
34.0,1,63200.0,38200.0,101400.0,46000.0,0,1,0,1,1,2,1,0,1,0
34.0,1,62600.0,38300.0,100900.0,43000.0,0,1,0,0,1,2,0,1,1,0
34.0,2,61300.0,38900.0,100200.0,45000.0,0,1,1,0,1,1,1,0,0,1
34.0,2,61100.0,38300.0,99400.0,43000.0,0,1,0,1,1,2,0,1,0,1
34.0,2,59500.0,40900.0,100400.0,39000.0,0,1,0,0,1,2,0,1,0,1
34.0,2,59100.0,40100.0,99200.0,38000.0,0,1,0,1,1,2,1,0,1,0
34.0,2,58900.0,40900.0,99800.0,43000.0,0,1,1,0,1,2,0,1,0,1
34.0,1,56700.0,38600.0,95300.0,48000.0,0,1,1,1,1,2,0,1,0,1
34.0,1,63800.0,25800.0,89600.0,45000.0,0,1,1,0,1,1,1,0,1,0
34.0,2,55900.0,28100.0,84000.0,54000.0,0,1,0,1,1,2,1,0,0,1
34.0,1,36400.0,38300.0,74700.0,44000.0,0,0,0,0,1,2,0,1,1,0
34.0,1,64900.0,20225.5593220339,64900.0,35000.0,0,1,1,1,0,2,0,1,0,1
34.0,2,64800.0,0.0,64800.0,32000.0,1,1,0,1,0,2,0,1,0,1
34.0,1,63200.0,0.0,63200.0,34000.0,0,1,1,0,0,2,1,0,0,1
34.0,2,62300.0,0.0,62300.0,35000.0,0,1,0,0,0,2,0,1,0,1
34.0,2,62300.0,0.0,62300.0,32000.0,0,1,1,0,0,2,1,0,0,1
34.0,2,61100.0,0.0,61100.0,54000.0,0,1,1,1,0,2,0,1,1,0
34.0,1,61300.0,20225.5593220339,61300.0,43000.0,0,1,1,0,0,2,0,1,0,1
34.0,2,58400.0,0.0,58400.0,40000.0,0,1,0,0,0,2,0,1,0,1
34.0,2,58000.0,0.0,58000.0,33000.0,0,1,1,1,0,2,0,1,1,0
34.0,2,57900.0,0.0,57900.0,41000.0,0,1,1,0,0,2,1,0,0,1
34.0,2,43100.0,0.0,43100.0,42000.0,0,0,0,1,0,2,1,0,1,0
34.0,1,40800.0,0.0,40800.0,51000.0,0,0,1,1,0,2,0,1,0,1
33.0,1,64500.0,38100.0,102600.0,51000.0,0,1,1,0,1,1,1,0,0,1
33.0,1,62200.0,40200.0,102400.0,37000.0,0,1,0,0,1,2,0,1,0,1
33.0,2,59800.0,40400.0,100200.0,37000.0,0,1,1,1,1,2,0,1,0,1
33.0,1,59200.0,38500.0,97700.0,43000.0,0,1,1,0,1,2,0,1,0,1
33.0,2,58500.0,38500.0,97000.0,45000.0,0,1,0,1,1,2,1,0,0,1
33.0,1,60200.0,35700.0,95900.0,37000.0,0,1,1,0,1,2,1,0,0,1
33.0,1,65700.0,27700.0,93400.0,52000.0,0,1,1,0,1,2,0,1,0,1
33.0,1,45100.0,40300.0,85400.0,41000.0,0,0,1,1,1,2,0,1,0,1
33.0,2,43400.0,40200.0,83600.0,50000.0,0,0,1,0,1,2,1,0,1,0
33.0,1,44200.0,38700.0,82900.0,47000.0,0,0,0,0,1,2,1,0,0,1
33.0,2,42700.0,38600.0,81300.0,50000.0,0,0,1,0,1,1,1,0,0,1
33.0,2,41700.0,38700.0,80400.0,51000.0,0,0,1,0,1,1,1,0,1,0
33.0,2,41500.0,38400.0,79900.0,40000.0,0,0,1,0,1,2,0,1,0,1
33.0,2,39400.0,40500.0,79900.0,37000.0,0,0,1,1,1,2,0,1,1,0
33.0,2,39600.0,38200.0,77800.0,43000.0,0,0,1,0,1,2,1,0,0,1
33.0,2,41600.0,20225.5593220339,70100.0,48000.0,0,0,0,0,1,2,0,1,0,1
33.0,2,65600.0,0.0,65600.0,46000.0,1,1,0,0,0,2,1,0,1,0
33.0,1,63800.0,20225.5593220339,63800.0,32000.0,0,1,0,1,0,2,1,0,0,1
33.0,1,60300.0,0.0,60300.0,45000.0,0,1,1,0,0,2,0,1,1,0
33.0,2,59200.0,0.0,59200.0,52000.0,0,1,0,0,0,2,0,1,1,0
33.0,2,59200.0,0.0,59200.0,50000.0,0,1,1,0,0,2,1,0,0,1
33.0,2,59100.0,0.0,59100.0,49000.0,0,1,1,1,0,2,0,1,0,1
33.0,2,59800.0,0.0,59800.0,45000.0,0,1,1,1,0,2,0,1,0,1
33.0,1,59900.0,0.0,59900.0,35000.0,0,1,0,0,0,2,0,1,0,1
33.0,1,58000.0,0.0,58000.0,44000.0,0,1,1,1,0,2,0,1,1,0
33.0,2,56000.0,0.0,56000.0,32000.0,1,1,1,0,0,2,1,0,1,0
33.0,1,42700.0,0.0,42700.0,39000.0,0,0,1,1,0,2,0,1,0,1
33.0,2,41700.0,0.0,41700.0,41000.0,0,0,1,0,0,2,0,1,1,0
33.0,1,41500.0,20225.5593220339,41500.0,33000.0,0,0,0,0,0,2,1,0,0,1
33.0,1,40700.0,0.0,40700.0,49000.0,0,0,0,1,0,2,0,1,0,1
33.0,1,39800.0,0.0,39800.0,42000.0,0,0,0,0,0,2,1,0,0,1
33.0,2,36800.0,0.0,36800.0,38000.0,0,0,1,1,0,2,1,0,0,1
33.0,1,36300.0,20225.5593220339,36300.0,31000.0,0,0,1,0,0,2,0,1,0,1
32.0,2,64400.0,40400.0,104800.0,44000.0,0,1,0,1,1,2,0,1,0,1
32.0,1,62800.0,40700.0,103500.0,39000.0,0,1,0,0,1,2,0,1,1,0
32.0,1,61500.0,38900.0,100400.0,46000.0,0,1,0,1,1,2,0,1,1,0
32.0,2,59700.0,40500.0,100200.0,43000.0,0,1,1,1,1,2,1,0,1,0
32.0,2,56600.0,38500.0,95100.0,50000.0,0,1,1,0,1,2,0,1,0,1
32.0,2,62900.0,30900.0,93800.0,33000.0,0,1,1,1,1,2,1,0,0,1
32.0,1,56000.0,40100.0,96100.0,31000.0,0,1,1,0,1,2,0,1,0,1
32.0,2,61400.0,23800.0,85200.0,53000.0,0,1,0,1,1,2,1,0,0,1
32.0,2,61400.0,23800.0,85200.0,37000.0,0,1,1,1,1,2,1,0,0,1
32.0,2,44300.0,40800.0,85100.0,35000.0,0,0,0,0,1,2,0,1,0,1
32.0,2,43000.0,40800.0,83800.0,52000.0,0,0,1,0,1,2,0,1,1,0
32.0,2,43800.0,40200.0,84000.0,47000.0,0,0,0,1,1,2,1,0,0,1
32.0,2,38900.0,40100.0,79000.0,50000.0,0,0,1,0,1,2,1,0,1,0
32.0,1,36700.0,40200.0,76900.0,36000.0,0,0,1,1,1,2,0,1,0,1
32.0,1,64300.0,0.0,64300.0,45000.0,0,1,0,0,0,2,0,1,1,0
32.0,1,63300.0,0.0,63300.0,43000.0,1,1,0,1,0,2,0,1,0,1
32.0,2,62100.0,0.0,62100.0,44000.0,0,1,0,1,0,2,1,0,0,1
32.0,1,62500.0,0.0,62500.0,40000.0,0,1,1,0,0,2,0,1,0,1
32.0,2,62100.0,0.0,62100.0,34000.0,1,1,0,1,0,2,0,1,0,1
32.0,2,61600.0,0.0,61600.0,39000.0,0,1,0,1,0,1,1,0,0,1
32.0,2,61500.0,20225.5593220339,61500.0,37000.0,0,1,0,1,0,2,1,0,1,0
32.0,1,60200.0,0.0,60200.0,48000.0,0,1,1,0,0,2,1,0,0,1
32.0,2,59100.0,0.0,59100.0,53000.0,0,1,0,0,0,2,1,0,0,1
32.0,1,57700.0,0.0,57700.0,40000.0,0,1,0,1,0,1,1,0,0,1
32.0,1,56300.0,0.0,56300.0,52000.0,0,1,0,0,0,2,0,1,0,1
32.0,1,44700.0,0.0,44700.0,51000.0,0,0,1,1,0,2,1,0,1,0
32.0,1,43900.0,0.0,43900.0,53000.0,0,0,0,0,0,2,0,1,1,0
32.0,1,41600.0,0.0,41600.0,48000.0,0,0,1,0,0,2,1,0,0,1
32.0,2,37900.0,0.0,37900.0,49000.0,0,0,1,0,0,1,1,0,0,1
32.0,1,36300.0,0.0,36300.0,41000.0,0,0,0,0,0,2,0,1,1,0
31.0,1,60900.0,40000.0,100900.0,32000.0,0,1,1,0,1,2,0,1,1,0
31.0,1,61400.0,38200.0,99600.0,51000.0,0,1,0,0,1,2,0,1,1,0
31.0,1,59800.0,40400.0,100200.0,45000.0,0,1,1,0,1,1,1,0,0,1
31.0,2,58500.0,40900.0,99400.0,36000.0,0,1,1,1,1,2,0,1,0,1
31.0,1,57000.0,30800.0,87800.0,32000.0,0,1,1,1,1,1,1,0,1,0
31.0,2,43900.0,40200.0,84100.0,36000.0,0,0,0,0,1,2,0,1,1,0
31.0,2,42700.0,38400.0,81100.0,49000.0,0,0,1,0,1,2,0,1,1,0
31.0,2,42600.0,38500.0,81100.0,48000.0,0,0,0,1,1,2,0,1,0,1
31.0,1,39900.0,38700.0,78600.0,51000.0,0,0,1,1,1,1,1,0,1,0
31.0,1,37200.0,40000.0,77200.0,45000.0,0,0,1,1,1,2,0,1,1,0
31.0,2,36600.0,38200.0,74800.0,55000.0,0,0,1,0,1,2,0,1,1,0
31.0,1,65500.0,0.0,65500.0,46000.0,0,1,0,1,0,2,0,1,0,1
31.0,1,63000.0,0.0,63000.0,35000.0,0,1,0,1,0,2,0,1,1,0
31.0,1,60700.0,20225.5593220339,60700.0,39000.0,0,1,0,0,0,2,0,1,1,0
31.0,1,60900.0,0.0,60900.0,35000.0,0,1,0,1,0,2,1,0,0,1
31.0,2,58300.0,0.0,58300.0,49000.0,0,1,1,0,0,2,0,1,0,1
31.0,1,58800.0,0.0,58800.0,31000.0,0,1,1,0,0,2,0,1,0,1
31.0,1,42200.0,0.0,42200.0,48000.0,0,0,0,1,0,1,1,0,0,1
31.0,2,40300.0,20225.5593220339,40300.0,37000.0,0,0,0,1,0,2,1,0,0,1
31.0,2,39400.0,0.0,39400.0,37000.0,0,0,1,0,0,2,0,1,1,0
31.0,1,38900.0,20225.5593220339,38900.0,53000.0,0,0,0,0,0,2,0,1,1,0
30.0,4,80600.0,40400.0,121000.0,30000.0,0,1,0,1,1,0,0,1,0,1
30.0,2,78500.0,40800.0,119300.0,31000.0,0,1,1,0,1,2,0,1,1,0
30.0,4,72900.0,45700.0,118600.0,31000.0,0,1,1,1,1,0,0,1,0,1
30.0,3,74000.0,40000.0,114000.0,25000.0,0,1,0,1,1,0,0,1,1,0
30.0,3,72400.0,40200.0,112600.0,22000.0,0,1,1,1,1,0,0,1,0,1
30.0,4,77300.0,32700.0,110000.0,28000.0,0,1,1,1,1,2,0,1,1,0
30.0,3,78700.0,30600.0,109300.0,25000.0,0,1,0,0,1,0,1,0,0,1
30.0,2,65600.0,40400.0,106000.0,34000.0,0,1,1,0,1,2,0,1,1,0
30.0,4,77300.0,28200.0,105500.0,33000.0,0,1,1,0,1,0,0,1,0,1
30.0,2,65400.0,38900.0,104300.0,42000.0,0,1,1,0,1,2,0,1,0,1
30.0,2,63900.0,40800.0,104700.0,41000.0,0,1,0,1,1,2,0,1,0,1
30.0,1,58100.0,45600.0,103700.0,39000.0,0,1,1,0,1,2,0,1,0,1
30.0,2,75900.0,28000.0,103900.0,29000.0,0,1,0,0,1,0,0,1,0,1
30.0,2,62700.0,40000.0,102700.0,53000.0,0,1,0,1,1,2,0,1,1,0
30.0,3,72300.0,30300.0,102600.0,23000.0,0,1,1,1,1,0,0,1,1,0
30.0,3,62700.0,40900.0,103600.0,21000.0,0,1,0,1,1,2,0,1,1,0
30.0,1,63400.0,38200.0,101600.0,47000.0,0,1,0,1,1,2,0,1,0,1
30.0,2,61100.0,40600.0,101700.0,33000.0,0,1,0,0,1,0,0,1,0,1
30.0,2,76300.0,600.0,76900.0,20000.0,0,1,0,0,1,0,0,1,0,1
30.0,3,70300.0,30900.0,101200.0,24000.0,0,1,1,0,1,2,0,1,1,0
30.0,3,69300.0,30900.0,100200.0,23000.0,0,1,0,0,1,2,0,1,0,1
30.0,4,66200.0,32600.0,98800.0,28000.0,0,1,1,1,1,2,0,1,0,1
30.0,2,68400.0,30200.0,98600.0,24000.0,0,1,0,0,1,0,0,1,1,0
30.0,2,59200.0,38200.0,97400.0,48000.0,0,1,0,0,1,2,1,0,0,1
30.0,2,56600.0,40600.0,97200.0,38000.0,0,1,0,0,1,2,0,1,1,0
30.0,3,66600.0,30000.0,96600.0,24000.0,0,1,0,1,1,0,0,1,0,1
30.0,3,56800.0,40000.0,96800.0,23000.0,0,0,0,0,1,2,0,1,0,1
30.0,4,67900.0,28600.0,96500.0,32000.0,0,1,0,0,1,0,0,1,1,0
30.0,3,64500.0,30100.0,94600.0,24000.0,0,1,0,1,1,2,0,1,0,1
30.0,3,65100.0,28500.0,93600.0,32000.0,0,1,0,1,1,0,0,1,1,0
30.0,1,62300.0,600.0,62900.0,33000.0,0,1,1,0,1,2,0,1,1,0
30.0,4,64700.0,20225.5593220339,93200.0,30000.0,0,1,1,1,1,0,0,1,1,0
30.0,4,62600.0,30900.0,93500.0,28000.0,0,1,0,1,1,0,0,1,0,1
30.0,2,67100.0,25100.0,92200.0,19000.0,0,1,1,1,1,2,0,1,1,0
30.0,2,65900.0,26700.0,92600.0,55000.0,0,1,0,1,1,2,1,0,0,1
30.0,4,62700.0,28000.0,90700.0,30000.0,0,1,0,1,1,0,0,1,1,0
30.0,3,65300.0,25100.0,90400.0,21000.0,0,1,1,1,1,2,0,1,1,0
30.0,2,61900.0,28200.0,90100.0,29000.0,0,1,1,0,1,0,0,1,0,1
30.0,4,67700.0,26600.0,94300.0,18000.0,0,1,0,0,1,2,0,1,1,0
30.0,2,63400.0,24200.0,87600.0,48000.0,0,1,0,0,1,2,0,1,0,1
30.0,3,60200.0,700.0,60900.0,20000.0,0,1,0,1,1,0,0,1,0,1
30.0,3,54300.0,30100.0,84400.0,25000.0,0,0,0,0,1,0,0,1,0,1
30.0,2,43900.0,40700.0,84600.0,39000.0,0,0,1,1,1,2,1,0,0,1
30.0,2,53700.0,30600.0,84300.0,26000.0,0,0,1,1,1,2,0,1,0,1
30.0,3,57200.0,25900.0,83100.0,20000.0,0,0,0,0,1,2,0,1,1,0
30.0,2,41300.0,40100.0,81400.0,37000.0,0,0,0,0,1,2,0,1,0,1
30.0,2,41200.0,40800.0,82000.0,26000.0,0,0,0,0,1,2,0,1,1,0
30.0,2,51400.0,30000.0,81400.0,23000.0,0,0,1,1,1,0,0,1,0,1
30.0,2,80100.0,0.0,80100.0,32000.0,1,1,0,0,0,0,0,1,1,0
30.0,2,80900.0,0.0,80900.0,30000.0,0,1,1,0,0,0,0,1,1,0
30.0,1,38900.0,40900.0,79800.0,51000.0,0,0,1,1,1,2,0,1,0,1
30.0,1,38200.0,38700.0,76900.0,53000.0,0,0,0,1,1,2,1,0,1,0
30.0,4,52700.0,24200.0,76900.0,29000.0,0,0,1,1,1,2,0,1,1,0
30.0,4,54400.0,22100.0,76500.0,29000.0,0,0,0,0,1,0,0,1,1,0
30.0,2,37000.0,38800.0,75800.0,41000.0,0,0,1,1,1,2,1,0,1,0
30.0,2,45600.0,30300.0,75900.0,26000.0,0,0,1,1,1,2,0,1,0,1
30.0,3,50000.0,25400.0,75400.0,19000.0,0,0,0,1,1,2,0,1,0,1
30.0,2,74900.0,0.0,74900.0,31000.0,1,1,1,1,0,0,0,1,0,1
30.0,3,73900.0,20225.5593220339,73900.0,33000.0,0,1,1,0,0,0,0,1,0,1
30.0,3,45000.0,28400.0,73400.0,29000.0,0,0,0,1,1,0,0,1,1,0
30.0,3,73000.0,0.0,73000.0,23000.0,0,1,0,0,0,2,0,1,0,1
30.0,3,43600.0,30100.0,73700.0,22000.0,0,0,0,1,1,0,0,1,1,0
30.0,3,73600.0,0.0,73600.0,20000.0,0,1,0,1,0,0,0,1,1,0
30.0,3,45300.0,27800.0,73100.0,25000.0,0,0,1,1,1,0,0,1,1,0
30.0,4,43800.0,28300.0,72100.0,30000.0,0,0,1,1,1,0,0,1,1,0
30.0,3,71000.0,20225.5593220339,71000.0,28000.0,0,1,1,0,0,0,0,1,1,0
30.0,2,71600.0,0.0,71600.0,28000.0,1,1,0,0,0,0,0,1,0,1
30.0,4,70800.0,0.0,70800.0,32000.0,0,1,1,1,0,0,0,1,0,1
30.0,4,42200.0,28300.0,70500.0,30000.0,0,0,1,1,1,0,0,1,0,1
30.0,4,70200.0,0.0,70200.0,28000.0,0,1,1,1,0,2,0,1,0,1
30.0,3,70600.0,20225.5593220339,70600.0,24000.0,0,1,1,0,0,2,0,1,0,1
30.0,3,45900.0,25500.0,71400.0,21000.0,0,0,0,0,1,2,0,1,1,0
30.0,3,70400.0,0.0,70400.0,21000.0,0,1,0,0,0,2,0,1,0,1
30.0,2,70500.0,0.0,70500.0,20000.0,0,1,1,1,0,0,0,1,1,0
30.0,4,69600.0,0.0,69600.0,32000.0,0,1,0,1,0,0,0,1,0,1
30.0,3,44200.0,800.0,45000.0,20000.0,0,0,0,0,1,0,0,1,1,0
30.0,2,42600.0,800.0,43400.0,18000.0,0,0,0,0,1,2,0,1,1,0
30.0,3,67700.0,0.0,67700.0,28000.0,0,1,1,1,0,2,0,1,1,0
30.0,0,67000.0,0.0,67000.0,22000.0,1,1,1,0,0,0,0,1,1,0
30.0,3,67200.0,0.0,67200.0,20000.0,0,1,0,0,0,2,0,1,1,0
30.0,3,40100.0,26600.0,66700.0,31000.0,0,0,0,0,1,2,0,1,0,1
30.0,3,65800.0,0.0,65800.0,32000.0,0,1,0,1,0,0,0,1,0,1
30.0,2,65500.0,0.0,65500.0,30000.0,1,1,0,0,0,0,0,1,1,0
30.0,3,65100.0,20225.5593220339,65100.0,27000.0,0,1,1,0,0,2,0,1,1,0
30.0,3,65900.0,0.0,65900.0,25000.0,0,1,0,0,0,0,1,0,0,1
30.0,3,65400.0,0.0,65400.0,23000.0,0,1,1,0,0,2,0,1,0,1
30.0,3,65500.0,0.0,65500.0,20000.0,0,1,0,0,0,0,0,1,0,1
30.0,2,64900.0,0.0,64900.0,30000.0,1,1,1,1,0,0,0,1,1,0
30.0,3,64500.0,0.0,64500.0,29000.0,0,1,1,0,0,0,1,0,0,1
30.0,1,63600.0,0.0,63600.0,53000.0,1,1,1,0,0,2,0,1,1,0
30.0,1,36000.0,26800.0,62800.0,49000.0,0,0,1,0,1,2,0,1,0,1
30.0,1,62200.0,0.0,62200.0,31000.0,0,1,1,0,0,1,1,0,1,0
30.0,3,62400.0,0.0,62400.0,18000.0,0,1,0,1,0,2,0,1,0,1
30.0,1,61800.0,0.0,61800.0,36000.0,0,1,1,0,0,2,0,1,0,1
30.0,2,61500.0,0.0,61500.0,34000.0,0,1,0,0,0,2,1,0,0,1
30.0,2,61300.0,0.0,61300.0,31000.0,0,1,1,0,0,2,0,1,1,0
30.0,2,35500.0,24000.0,59500.0,43000.0,0,0,1,0,1,2,0,1,1,0
30.0,2,58100.0,0.0,58100.0,32000.0,0,0,0,1,0,0,1,0,0,1
30.0,3,57700.0,0.0,57700.0,27000.0,0,0,0,1,0,2,0,1,1,0
30.0,4,56500.0,0.0,56500.0,31000.0,0,0,1,0,0,2,0,1,1,0
30.0,2,56300.0,0.0,56300.0,23000.0,1,0,1,0,0,0,0,1,1,0
30.0,2,54800.0,0.0,54800.0,31000.0,0,0,0,1,0,2,0,1,0,1
30.0,3,53200.0,0.0,53200.0,26000.0,0,0,1,1,0,0,0,1,0,1
30.0,4,52700.0,0.0,52700.0,30000.0,0,0,1,1,0,0,1,0,0,1
30.0,3,51300.0,0.0,51300.0,24000.0,0,0,1,0,0,2,0,1,1,0
30.0,3,49500.0,0.0,49500.0,23000.0,0,0,1,0,0,2,0,1,1,0
30.0,2,46000.0,0.0,46000.0,26000.0,1,0,0,1,0,0,0,1,0,1
30.0,1,44800.0,0.0,44800.0,50000.0,0,0,1,0,0,2,1,0,0,1
30.0,2,43600.0,0.0,43600.0,33000.0,0,0,1,0,0,0,0,1,0,1
30.0,1,42700.0,0.0,42700.0,33000.0,0,0,0,0,0,2,0,1,1,0
30.0,4,42300.0,0.0,42300.0,31000.0,0,0,0,1,0,0,0,1,0,1
30.0,4,41900.0,0.0,41900.0,32000.0,0,0,0,0,0,0,0,1,0,1
30.0,3,40300.0,0.0,40300.0,19000.0,0,0,0,0,0,2,0,1,0,1
30.0,1,38100.0,0.0,38100.0,51000.0,0,0,1,1,0,1,1,0,0,1
30.0,2,38800.0,0.0,38800.0,37000.0,0,0,1,0,0,2,0,1,0,1
30.0,1,37100.0,0.0,37100.0,54000.0,0,0,0,0,0,2,0,1,1,0
30.0,2,37100.0,20225.5593220339,37100.0,34000.0,0,0,0,1,0,2,0,1,0,1
29.0,2,79000.0,40600.0,119600.0,20000.0,0,1,0,0,1,0,0,1,1,0
29.0,3,71500.0,40900.0,112400.0,25000.0,0,1,1,0,1,0,0,1,1,0
29.0,2,76100.0,32400.0,108500.0,28000.0,0,1,1,0,1,0,0,1,1,0
29.0,3,79700.0,28800.0,108500.0,32000.0,0,1,1,1,1,0,0,1,0,1
29.0,4,78600.0,28600.0,107200.0,32000.0,0,1,0,0,1,0,0,1,0,1
29.0,3,74900.0,32300.0,107200.0,29000.0,0,1,0,1,1,2,0,1,0,1
29.0,3,76800.0,30600.0,107400.0,22000.0,0,1,0,1,1,0,0,1,0,1
29.0,2,65000.0,40000.0,105000.0,23000.0,0,1,1,1,1,2,0,1,0,1
29.0,3,75200.0,30100.0,105300.0,22000.0,0,1,0,1,1,0,0,1,1,0
29.0,2,64200.0,40900.0,105100.0,37000.0,0,1,0,1,1,2,0,1,1,0
29.0,3,64900.0,40800.0,105700.0,24000.0,0,1,1,1,1,2,0,1,1,0
29.0,3,73800.0,30200.0,104000.0,31000.0,0,1,1,0,1,2,0,1,0,1
29.0,1,64700.0,38600.0,103300.0,53000.0,0,1,1,0,1,2,1,0,1,0
29.0,3,70800.0,32900.0,103700.0,28000.0,0,1,0,0,1,0,0,1,0,1
29.0,2,75400.0,27600.0,103000.0,25000.0,0,1,1,1,1,0,0,1,0,1
29.0,3,77300.0,25500.0,102800.0,19000.0,0,1,1,0,1,2,0,1,0,1
29.0,3,75600.0,27900.0,103500.0,19000.0,0,1,0,1,1,2,0,1,1,0
29.0,2,63300.0,38300.0,101600.0,49000.0,0,1,0,0,1,1,1,0,1,0
29.0,1,63600.0,38100.0,101700.0,46000.0,0,1,1,0,1,2,0,1,1,0
29.0,2,61800.0,40100.0,101900.0,36000.0,0,1,1,0,1,1,1,0,1,0
29.0,4,66300.0,35500.0,101800.0,29000.0,0,1,0,0,1,0,0,1,0,1
29.0,3,60700.0,40000.0,100700.0,30000.0,0,0,1,0,1,0,0,1,1,0
29.0,2,61900.0,38800.0,100700.0,50000.0,0,1,1,0,1,2,0,1,1,0
29.0,2,63700.0,35700.0,99400.0,42000.0,0,1,0,0,1,2,0,1,0,1
29.0,1,59800.0,38000.0,97800.0,52000.0,0,1,1,1,1,1,1,0,1,0
29.0,4,65600.0,32600.0,98200.0,28000.0,0,1,0,0,1,2,0,1,0,1
29.0,2,57000.0,38100.0,95100.0,47000.0,0,1,1,0,1,2,0,1,0,1
29.0,3,64400.0,30300.0,94700.0,22000.0,0,1,1,0,1,0,0,1,0,1
29.0,3,64100.0,30100.0,94200.0,22000.0,0,1,1,1,1,0,0,1,0,1
29.0,2,55100.0,38700.0,93800.0,48000.0,0,1,1,0,1,2,1,0,1,0
29.0,3,65500.0,28800.0,94300.0,33000.0,0,1,0,1,1,0,0,1,0,1
29.0,2,61900.0,30700.0,92600.0,32000.0,0,1,0,0,1,2,0,1,1,0
29.0,2,61600.0,30300.0,91900.0,22000.0,0,1,1,0,1,0,0,1,0,1
29.0,4,58100.0,32400.0,90500.0,28000.0,0,0,1,1,1,0,0,1,0,1
29.0,2,58000.0,32300.0,90300.0,28000.0,0,0,1,0,1,2,0,1,0,1
29.0,3,50900.0,40000.0,90900.0,23000.0,0,0,0,0,1,2,0,1,1,0
29.0,2,60900.0,30800.0,91700.0,22000.0,0,1,0,0,1,2,0,1,1,0
29.0,4,56500.0,32900.0,89400.0,29000.0,0,0,1,0,1,0,0,1,0,1
29.0,4,56400.0,32400.0,88800.0,27000.0,0,0,1,0,1,2,0,1,1,0
29.0,3,59000.0,20225.5593220339,87700.0,29000.0,0,0,0,1,1,0,0,1,0,1
29.0,4,52600.0,35100.0,87700.0,28000.0,0,0,0,0,1,0,0,1,0,1
29.0,4,47600.0,40200.0,87800.0,27000.0,0,0,0,0,1,2,0,1,0,1
29.0,3,47100.0,40400.0,87500.0,26000.0,0,0,1,0,1,2,0,1,1,0
29.0,2,59900.0,27900.0,87800.0,32000.0,0,0,0,1,1,0,0,1,1,0
29.0,3,61800.0,25000.0,86800.0,18000.0,0,1,0,0,1,2,0,1,1,0
29.0,4,45900.0,40600.0,86500.0,32000.0,0,0,1,1,1,0,0,1,1,0
29.0,3,40000.0,45600.0,85600.0,22000.0,0,0,1,0,1,0,0,1,1,0
29.0,2,60700.0,25500.0,86200.0,20000.0,0,1,1,0,1,0,0,1,1,0
29.0,2,42400.0,40700.0,83100.0,46000.0,0,0,0,0,1,2,1,0,1,0
29.0,3,56700.0,25000.0,81700.0,20000.0,0,0,0,0,1,2,0,1,1,0
29.0,3,52000.0,28400.0,80400.0,33000.0,0,0,1,1,1,0,0,1,0,1
29.0,2,55100.0,900.0,56000.0,20000.0,0,0,0,1,1,0,0,1,0,1
29.0,2,79100.0,0.0,79100.0,32000.0,1,1,1,0,0,0,0,1,1,0
29.0,2,53200.0,26600.0,79800.0,30000.0,0,0,0,0,1,0,0,1,1,0
29.0,2,78700.0,0.0,78700.0,32000.0,1,1,0,1,0,0,0,1,1,0
29.0,2,78700.0,0.0,78700.0,21000.0,0,1,1,1,0,2,0,1,1,0
29.0,3,52800.0,25400.0,78200.0,20000.0,0,0,0,1,1,0,0,1,0,1
29.0,2,77700.0,0.0,77700.0,20000.0,0,1,1,1,0,2,0,1,1,0
29.0,4,76900.0,0.0,76900.0,18000.0,0,1,0,0,0,2,0,1,0,1
29.0,3,75600.0,0.0,75600.0,23000.0,0,1,1,0,0,2,0,1,0,1
29.0,3,44300.0,30300.0,74600.0,26000.0,0,0,0,0,1,2,0,1,0,1
29.0,3,73400.0,0.0,73400.0,29000.0,0,1,1,1,0,0,0,1,1,0
29.0,3,73800.0,0.0,73800.0,28000.0,0,1,0,0,0,0,0,1,1,0
29.0,2,73100.0,20225.5593220339,73100.0,23000.0,1,1,0,0,0,0,0,1,1,0
29.0,3,46900.0,400.0,47300.0,20000.0,0,0,1,0,1,0,0,1,1,0
29.0,3,73400.0,0.0,73400.0,20000.0,0,1,1,0,0,2,0,1,1,0
29.0,3,73000.0,0.0,73000.0,19000.0,0,1,1,1,0,2,0,1,1,0
29.0,3,72300.0,0.0,72300.0,33000.0,0,1,0,0,0,0,0,1,1,0
29.0,3,49800.0,23500.0,73300.0,20000.0,0,0,1,1,1,2,0,1,1,0
29.0,2,69300.0,0.0,69300.0,20000.0,0,1,0,0,0,2,0,1,1,0
29.0,3,68200.0,0.0,68200.0,26000.0,0,1,1,0,0,2,0,1,1,0
29.0,3,42700.0,25300.0,68000.0,21000.0,0,0,1,0,1,2,0,1,0,1
29.0,2,66700.0,0.0,66700.0,24000.0,1,1,0,1,0,0,0,1,0,1
29.0,3,66900.0,0.0,66900.0,23000.0,0,1,1,0,0,0,0,1,0,1
29.0,2,66400.0,0.0,66400.0,20000.0,1,1,1,0,0,0,0,1,1,0
29.0,4,65800.0,0.0,65800.0,33000.0,0,1,0,0,0,0,0,1,1,0
29.0,4,65100.0,0.0,65100.0,32000.0,0,1,0,1,0,0,0,1,0,1
29.0,3,65600.0,0.0,65600.0,20000.0,0,1,0,1,0,2,0,1,0,1
29.0,1,64900.0,0.0,64900.0,40000.0,0,1,0,0,0,2,0,1,0,1
29.0,2,64200.0,0.0,64200.0,39000.0,0,1,1,0,0,2,0,1,0,1
29.0,2,64900.0,0.0,64900.0,35000.0,0,1,1,1,0,2,0,1,0,1
29.0,3,64400.0,0.0,64400.0,32000.0,0,1,1,1,0,0,0,1,1,0
29.0,1,63100.0,0.0,63100.0,50000.0,0,1,1,1,0,2,0,1,0,1
29.0,2,63800.0,0.0,63800.0,32000.0,0,1,1,1,0,0,0,1,1,0
29.0,4,63000.0,0.0,63000.0,31000.0,0,1,0,1,0,2,0,1,0,1
29.0,3,63500.0,0.0,63500.0,22000.0,0,1,1,1,0,0,0,1,0,1
29.0,0,62300.0,20225.5593220339,62300.0,20000.0,1,1,1,1,0,0,0,1,0,1
29.0,2,61200.0,0.0,61200.0,43000.0,0,1,1,0,0,2,0,1,0,1
29.0,1,60800.0,0.0,60800.0,32000.0,0,1,1,0,0,1,1,0,1,0
29.0,2,58200.0,20225.5593220339,58200.0,43000.0,1,1,0,0,0,2,1,0,0,1
29.0,1,57700.0,20225.5593220339,57700.0,38000.0,0,1,0,0,0,2,1,0,0,1
29.0,1,57600.0,0.0,57600.0,34000.0,0,1,0,1,0,2,1,0,1,0
29.0,3,57900.0,0.0,57900.0,18000.0,0,0,0,0,0,2,0,1,0,1
29.0,2,56000.0,0.0,56000.0,45000.0,0,1,0,1,0,2,0,1,0,1
29.0,2,56600.0,0.0,56600.0,40000.0,1,1,1,0,0,2,0,1,1,0
29.0,2,56100.0,0.0,56100.0,28000.0,1,0,1,0,0,0,0,1,1,0
29.0,2,54500.0,0.0,54500.0,22000.0,1,0,1,0,0,0,0,1,1,0
29.0,4,51800.0,0.0,51800.0,31000.0,0,0,0,0,0,0,0,1,1,0
29.0,3,51400.0,0.0,51400.0,24000.0,0,0,0,1,0,2,0,1,1,0
29.0,3,50900.0,20225.5593220339,50900.0,26000.0,0,0,0,0,0,0,0,1,1,0
29.0,3,49400.0,20225.5593220339,49400.0,24000.0,0,0,1,1,0,2,0,1,0,1
29.0,3,43700.0,0.0,43700.0,26000.0,0,0,1,1,0,2,0,1,1,0
29.0,2,42500.0,20225.5593220339,42500.0,29000.0,0,0,0,1,0,0,0,1,1,0
29.0,3,42600.0,0.0,42600.0,25000.0,0,0,0,1,0,0,0,1,1,0
29.0,1,41600.0,0.0,41600.0,48000.0,0,0,1,0,0,2,0,1,0,1
29.0,1,39100.0,0.0,39100.0,51000.0,0,0,0,1,0,1,1,0,0,1
29.0,1,39500.0,20225.5593220339,39500.0,51000.0,0,0,0,0,0,2,0,1,0,1
29.0,1,39900.0,0.0,39900.0,32000.0,0,0,0,1,0,2,1,0,1,0
29.0,2,37100.0,0.0,37100.0,44000.0,0,0,1,0,0,2,0,1,1,0
29.0,2,37100.0,0.0,37100.0,31000.0,1,0,0,1,0,2,1,0,0,1
28.0,4,69200.0,45400.0,114600.0,30000.0,0,1,0,1,1,0,0,1,1,0
28.0,4,72500.0,40300.0,112800.0,32000.0,0,1,0,1,1,0,0,1,1,0
28.0,2,71800.0,800.0,72600.0,20000.0,0,1,1,1,1,0,0,1,0,1
28.0,3,74700.0,35100.0,109800.0,33000.0,0,1,1,0,1,0,0,1,0,1
28.0,2,78400.0,30300.0,108700.0,23000.0,0,1,0,0,1,2,0,1,1,0
28.0,2,79700.0,28700.0,108400.0,32000.0,0,1,0,0,1,0,0,1,0,1
28.0,4,79900.0,28400.0,108300.0,29000.0,0,1,0,0,1,0,0,1,1,0
28.0,3,67000.0,40200.0,107200.0,24000.0,0,1,1,1,1,2,0,1,0,1
28.0,4,65800.0,40100.0,105900.0,32000.0,0,1,0,1,1,0,0,1,1,0
28.0,3,65000.0,40400.0,105400.0,29000.0,0,1,0,0,1,2,0,1,1,0
28.0,2,64500.0,40000.0,104500.0,42000.0,0,1,0,0,1,2,0,1,1,0
28.0,1,64800.0,40900.0,105700.0,39000.0,0,1,0,1,1,2,1,0,0,1
28.0,2,72200.0,32800.0,105000.0,28000.0,0,1,0,0,1,0,0,1,0,1
28.0,3,64800.0,40500.0,105300.0,25000.0,0,1,1,0,1,0,0,1,0,1
28.0,3,75800.0,28500.0,104300.0,33000.0,0,1,1,1,1,0,0,1,1,0
28.0,4,80900.0,23700.0,104600.0,27000.0,0,1,0,0,1,2,0,1,1,0
28.0,1,61600.0,40500.0,102100.0,39000.0,0,1,0,0,1,2,0,1,0,1
28.0,2,69000.0,32500.0,101500.0,27000.0,0,1,0,0,1,0,0,1,1,0
28.0,2,62300.0,38800.0,101100.0,52000.0,0,1,1,0,1,2,0,1,1,0
28.0,3,71000.0,28900.0,99900.0,32000.0,0,1,0,0,1,0,0,1,0,1
28.0,3,69300.0,30100.0,99400.0,27000.0,0,1,1,1,1,2,0,1,1,0
28.0,4,70900.0,28900.0,99800.0,29000.0,0,1,0,0,1,0,0,1,0,1
28.0,3,68500.0,30900.0,99400.0,24000.0,0,1,1,0,1,2,0,1,1,0
28.0,3,63600.0,35300.0,98900.0,21000.0,0,1,1,0,1,2,0,1,0,1
28.0,3,53400.0,45800.0,99200.0,21000.0,0,0,1,1,1,2,0,1,1,0
28.0,3,69000.0,28100.0,97100.0,30000.0,0,1,1,1,1,0,0,1,1,0
28.0,4,55300.0,40000.0,95300.0,28000.0,0,0,0,1,1,0,0,1,0,1
28.0,4,63900.0,32400.0,96300.0,28000.0,0,1,0,1,1,2,0,1,1,0
28.0,4,54900.0,40000.0,94900.0,33000.0,0,0,0,1,1,0,0,1,0,1
28.0,2,66000.0,28100.0,94100.0,32000.0,0,1,0,0,1,0,0,1,0,1
28.0,3,63400.0,30300.0,93700.0,24000.0,0,1,0,0,1,2,0,1,1,0
28.0,2,63100.0,30100.0,93200.0,23000.0,0,1,0,0,1,2,0,1,1,0
28.0,3,62800.0,30700.0,93500.0,26000.0,0,1,1,0,1,0,0,1,1,0
28.0,3,61800.0,30700.0,92500.0,26000.0,0,1,0,0,1,2,0,1,0,1
28.0,3,64700.0,27900.0,92600.0,24000.0,0,1,1,0,1,2,0,1,0,1
28.0,4,62500.0,28300.0,90800.0,31000.0,0,1,1,0,1,2,0,1,0,1
28.0,4,62700.0,27300.0,90000.0,31000.0,0,1,0,0,1,2,0,1,1,0
28.0,4,48600.0,30200.0,78800.0,18000.0,0,0,1,0,1,2,0,1,1,0
28.0,3,65500.0,22900.0,88400.0,23000.0,0,1,1,1,1,2,0,1,1,0
28.0,3,62200.0,25200.0,87400.0,19000.0,0,1,1,1,1,2,0,1,0,1
28.0,3,61500.0,25800.0,87300.0,20000.0,0,1,0,0,1,0,0,1,0,1
28.0,3,60400.0,25500.0,85900.0,18000.0,0,1,1,1,1,2,0,1,0,1
28.0,4,56300.0,28900.0,85200.0,31000.0,0,0,1,0,1,0,0,1,0,1
28.0,2,44800.0,40300.0,85100.0,26000.0,0,0,1,1,1,0,0,1,0,1
28.0,4,43600.0,40400.0,84000.0,32000.0,0,0,1,1,1,0,0,1,1,0
28.0,3,53700.0,30000.0,83700.0,24000.0,0,0,0,1,1,0,0,1,0,1
28.0,3,59700.0,24000.0,83700.0,19000.0,0,0,1,1,1,0,0,1,1,0
28.0,2,58300.0,24200.0,82500.0,27000.0,0,0,1,0,1,0,0,1,0,1
28.0,1,43300.0,38500.0,81800.0,52000.0,0,0,0,0,1,2,1,0,0,1
28.0,4,41000.0,40800.0,81800.0,33000.0,0,0,0,1,1,0,0,1,0,1
28.0,2,50700.0,30800.0,81500.0,26000.0,0,0,0,0,1,0,0,1,0,1
28.0,3,80400.0,0.0,80400.0,20000.0,0,1,0,0,0,2,0,1,1,0
28.0,3,49900.0,30800.0,80700.0,24000.0,0,0,1,1,1,0,0,1,1,0
28.0,3,54900.0,25000.0,79900.0,21000.0,0,0,0,1,1,2,0,1,0,1
28.0,2,54900.0,25000.0,79900.0,20000.0,0,0,1,0,1,0,0,1,0,1
28.0,4,50700.0,28000.0,78700.0,32000.0,0,0,0,1,1,0,0,1,1,0
28.0,4,50100.0,28000.0,78100.0,30000.0,0,0,1,1,1,0,0,1,0,1
28.0,3,48400.0,30300.0,78700.0,22000.0,0,0,1,0,1,0,0,1,0,1
28.0,2,53200.0,25400.0,78600.0,20000.0,0,0,0,0,1,2,0,1,1,0
28.0,1,37000.0,40800.0,77800.0,35000.0,0,0,0,1,1,2,1,0,0,1
28.0,1,76800.0,0.0,76800.0,30000.0,0,1,1,1,0,0,0,1,1,0
28.0,2,76200.0,0.0,76200.0,25000.0,0,1,1,0,0,0,0,1,1,0
28.0,0,76600.0,0.0,76600.0,20000.0,1,1,1,1,0,0,0,1,1,0
28.0,3,75200.0,0.0,75200.0,29000.0,0,1,0,0,0,0,0,1,0,1
28.0,3,74000.0,0.0,74000.0,21000.0,0,1,0,1,0,2,0,1,0,1
28.0,4,73900.0,0.0,73900.0,29000.0,0,1,0,0,0,0,0,1,0,1
28.0,3,73000.0,0.0,73000.0,22000.0,0,1,1,1,0,0,0,1,0,1
28.0,2,72700.0,0.0,72700.0,33000.0,0,1,1,0,0,0,0,1,0,1
28.0,3,72900.0,0.0,72900.0,32000.0,0,1,1,0,0,0,0,1,0,1
28.0,2,72700.0,20225.5593220339,72700.0,28000.0,0,1,1,0,0,0,0,1,1,0
28.0,3,72800.0,0.0,72800.0,25000.0,0,1,1,1,0,0,0,1,1,0
28.0,3,43700.0,29800.0,73500.0,21000.0,0,0,1,1,1,2,0,1,0,1
28.0,3,72200.0,0.0,72200.0,21000.0,0,1,0,0,0,2,0,1,1,0
28.0,3,47100.0,24200.0,71300.0,19000.0,0,0,1,0,1,2,0,1,1,0
28.0,3,40100.0,30800.0,70900.0,23000.0,0,0,1,1,1,0,0,1,0,1
28.0,2,45500.0,25400.0,70900.0,20000.0,0,0,1,0,1,2,0,1,0,1
28.0,4,69700.0,0.0,69700.0,28000.0,0,1,0,1,0,0,0,1,0,1
28.0,2,69900.0,0.0,69900.0,21000.0,0,1,0,1,0,2,0,1,1,0
28.0,3,69300.0,0.0,69300.0,19000.0,0,1,0,1,0,2,0,1,0,1
28.0,3,68200.0,0.0,68200.0,21000.0,0,1,0,0,0,2,0,1,1,0
28.0,3,43000.0,25500.0,68500.0,19000.0,0,0,1,0,1,2,0,1,1,0
28.0,3,68600.0,0.0,68600.0,18000.0,0,1,0,1,0,2,0,1,0,1
28.0,2,43200.0,25800.0,69000.0,18000.0,0,0,1,0,1,2,0,1,1,0
28.0,1,37800.0,30400.0,68200.0,34000.0,0,0,0,0,1,2,1,0,0,1
28.0,4,67500.0,0.0,67500.0,29000.0,0,1,1,0,0,2,0,1,0,1
28.0,4,66100.0,0.0,66100.0,31000.0,0,1,0,0,0,0,0,1,0,1
28.0,0,66300.0,20225.5593220339,66300.0,22000.0,1,1,0,1,0,0,0,1,1,0
28.0,4,65400.0,0.0,65400.0,31000.0,0,1,1,1,0,2,0,1,0,1
28.0,2,65500.0,0.0,65500.0,31000.0,0,1,0,1,0,0,0,1,1,0
28.0,3,65500.0,0.0,65500.0,30000.0,0,1,1,1,0,0,0,1,0,1
28.0,2,65200.0,0.0,65200.0,24000.0,0,1,1,1,0,2,0,1,1,0
28.0,3,40900.0,25900.0,66800.0,22000.0,0,0,0,0,1,0,0,1,0,1
28.0,2,64000.0,0.0,64000.0,51000.0,0,1,1,1,0,2,1,0,0,1
28.0,3,64400.0,0.0,64400.0,24000.0,0,1,1,1,0,0,0,1,0,1
28.0,4,64100.0,0.0,64100.0,18000.0,0,1,1,0,0,2,0,1,1,0
28.0,1,36000.0,800.0,36800.0,31000.0,0,0,1,0,1,1,1,0,0,1
28.0,4,63800.0,0.0,63800.0,30000.0,0,1,0,1,0,0,0,1,0,1
28.0,3,63200.0,0.0,63200.0,30000.0,0,1,1,0,0,2,0,1,1,0
28.0,3,62000.0,0.0,62000.0,20000.0,0,1,0,1,0,0,0,1,0,1
28.0,1,61200.0,0.0,61200.0,38000.0,0,1,0,0,0,2,0,1,0,1
28.0,3,61700.0,0.0,61700.0,26000.0,0,1,1,1,0,0,0,1,0,1
28.0,3,61600.0,0.0,61600.0,24000.0,0,1,1,0,0,0,0,1,1,0
28.0,3,61900.0,0.0,61900.0,23000.0,0,1,1,1,0,2,0,1,0,1
28.0,2,60700.0,0.0,60700.0,41000.0,1,1,0,0,0,2,0,1,1,0
28.0,2,60400.0,0.0,60400.0,31000.0,0,1,1,0,0,1,1,0,0,1
28.0,1,59100.0,0.0,59100.0,36000.0,0,1,0,0,0,2,0,1,0,1
28.0,4,59500.0,0.0,59500.0,31000.0,0,0,1,1,0,0,0,1,1,0
28.0,3,59800.0,0.0,59800.0,28000.0,0,0,1,0,0,2,0,1,0,1
28.0,3,58400.0,0.0,58400.0,20000.0,0,0,0,1,0,0,0,1,0,1
28.0,2,57700.0,0.0,57700.0,35000.0,1,1,1,0,0,2,0,1,0,1
28.0,3,57200.0,0.0,57200.0,25000.0,0,0,0,0,0,0,0,1,0,1
28.0,2,56000.0,0.0,56000.0,43000.0,1,1,0,0,0,2,0,1,1,0
28.0,1,56600.0,0.0,56600.0,19000.0,0,0,1,0,0,0,0,1,1,0
28.0,3,54700.0,0.0,54700.0,23000.0,0,0,1,0,0,2,0,1,0,1
28.0,3,46900.0,0.0,46900.0,24000.0,0,0,0,0,0,0,0,1,0,1
28.0,2,43500.0,20225.5593220339,43500.0,27000.0,1,0,1,1,0,0,0,1,1,0
28.0,2,42000.0,20225.5593220339,42000.0,39000.0,0,0,0,1,0,2,1,0,0,1
28.0,3,41400.0,0.0,41400.0,24000.0,0,0,0,1,0,0,0,1,0,1
28.0,2,40800.0,0.0,40800.0,52000.0,0,0,1,1,0,2,0,1,1,0
27.0,3,71000.0,40600.0,111600.0,27000.0,0,1,0,0,1,2,0,1,1,0
27.0,3,76300.0,30900.0,107200.0,18000.0,0,1,0,0,1,2,0,1,0,1
27.0,2,69400.0,40200.0,109600.0,26000.0,0,1,1,1,1,0,0,1,0,1
27.0,2,68200.0,40200.0,108400.0,31000.0,0,1,0,0,1,2,0,1,1,0
27.0,2,79600.0,28900.0,108500.0,32000.0,0,1,0,0,1,0,0,1,1,0
27.0,4,73500.0,32400.0,105900.0,28000.0,0,1,0,1,1,0,0,1,1,0
27.0,3,74600.0,30100.0,104700.0,23000.0,0,1,1,1,1,2,0,1,0,1
27.0,4,71500.0,32600.0,104100.0,27000.0,0,1,0,0,1,2,0,1,0,1
27.0,3,73500.0,30800.0,104300.0,23000.0,0,1,1,0,1,0,0,1,1,0
27.0,3,63000.0,40500.0,103500.0,18000.0,0,1,0,0,1,2,0,1,1,0
27.0,3,77700.0,25100.0,102800.0,19000.0,0,1,0,0,1,2,0,1,0,1
27.0,3,61300.0,40500.0,101800.0,30000.0,0,1,1,1,1,0,0,1,0,1
27.0,4,66800.0,35400.0,102200.0,29000.0,0,1,1,0,1,0,0,1,1,0
27.0,3,61100.0,40300.0,101400.0,22000.0,0,1,1,1,1,0,0,1,1,0
27.0,3,72200.0,28900.0,101100.0,30000.0,0,1,0,0,1,0,0,1,1,0
27.0,4,68000.0,32400.0,100400.0,28000.0,0,1,0,1,1,0,0,1,1,0
27.0,3,70700.0,30000.0,100700.0,22000.0,0,1,0,0,1,0,0,1,1,0
27.0,3,65800.0,28700.0,94500.0,18000.0,0,1,1,0,1,2,0,1,1,0
27.0,2,71700.0,28600.0,100300.0,32000.0,0,1,0,1,1,0,0,1,1,0
27.0,3,59200.0,40600.0,99800.0,26000.0,0,0,0,0,1,0,0,1,1,0
27.0,3,74200.0,25300.0,99500.0,18000.0,0,1,1,0,1,2,0,1,0,1
27.0,2,69000.0,28000.0,97000.0,31000.0,0,1,1,1,1,2,0,1,0,1
27.0,3,65500.0,32600.0,98100.0,28000.0,0,1,0,1,1,0,0,1,1,0
27.0,3,72400.0,25100.0,97500.0,19000.0,0,1,1,1,1,0,0,1,1,0
27.0,4,72700.0,24300.0,97000.0,30000.0,0,1,1,1,1,0,0,1,1,0
27.0,3,56200.0,40900.0,97100.0,19000.0,0,0,1,0,1,0,0,1,0,1
27.0,3,71700.0,25400.0,97100.0,18000.0,0,1,1,0,1,2,0,1,0,1
27.0,3,65600.0,30300.0,95900.0,24000.0,0,1,1,0,1,0,0,1,0,1
27.0,4,66600.0,28200.0,94800.0,31000.0,0,1,1,0,1,2,0,1,1,0
27.0,3,66800.0,28700.0,95500.0,22000.0,0,1,0,0,1,0,1,0,0,1
27.0,3,54400.0,40200.0,94600.0,21000.0,0,0,1,1,1,2,0,1,0,1
27.0,4,64400.0,28700.0,93100.0,30000.0,0,1,0,0,1,0,0,1,1,0
27.0,3,52700.0,40000.0,92700.0,24000.0,0,0,1,1,1,0,0,1,0,1
27.0,2,52800.0,40600.0,93400.0,20000.0,0,0,1,1,1,0,0,1,1,0
27.0,3,62100.0,30000.0,92100.0,19000.0,0,1,1,0,1,0,0,1,0,1
27.0,3,61300.0,30400.0,91700.0,24000.0,0,1,0,0,1,0,0,1,1,0
27.0,3,66600.0,25300.0,91900.0,20000.0,0,1,1,1,1,2,0,1,1,0
27.0,3,64400.0,25300.0,89700.0,19000.0,0,1,1,0,1,2,0,1,1,0
27.0,4,63500.0,25400.0,88900.0,31000.0,0,1,0,0,1,2,0,1,1,0
27.0,2,47300.0,40500.0,87800.0,32000.0,0,0,0,0,1,0,0,1,1,0
27.0,4,55600.0,32900.0,88500.0,28000.0,0,0,1,0,1,0,0,1,0,1
27.0,3,47200.0,40900.0,88100.0,24000.0,0,0,1,0,1,0,0,1,0,1
27.0,3,57200.0,28100.0,85300.0,32000.0,0,0,1,0,1,0,0,1,0,1
27.0,4,53400.0,32800.0,86200.0,28000.0,0,0,0,0,1,2,0,1,1,0
27.0,3,52000.0,30100.0,82100.0,27000.0,0,0,0,0,1,2,0,1,1,0
27.0,3,51200.0,30100.0,81300.0,24000.0,0,0,0,0,1,2,0,1,1,0
27.0,2,51700.0,29200.0,80900.0,31000.0,0,0,0,0,1,2,0,1,0,1
27.0,3,56400.0,24600.0,81000.0,26000.0,0,0,1,1,1,0,0,1,1,0
27.0,3,55300.0,25300.0,80600.0,23000.0,0,0,1,0,1,2,0,1,0,1
27.0,2,79100.0,0.0,79100.0,30000.0,0,1,0,1,0,0,0,1,1,0
27.0,2,46700.0,32700.0,79400.0,28000.0,0,0,1,1,1,0,0,1,0,1
27.0,0,76000.0,0.0,76000.0,23000.0,1,1,0,0,0,0,0,1,0,1
27.0,3,47500.0,28600.0,76100.0,22000.0,0,0,0,0,1,0,0,1,1,0
27.0,2,75800.0,0.0,75800.0,22000.0,0,1,1,0,0,0,0,1,1,0
27.0,2,49000.0,200.0,49200.0,18000.0,0,0,0,0,1,2,0,1,0,1
27.0,2,74800.0,0.0,74800.0,27000.0,1,1,1,1,0,0,0,1,1,0
27.0,3,74100.0,0.0,74100.0,23000.0,0,1,1,1,0,0,0,1,1,0
27.0,3,49000.0,25400.0,74400.0,20000.0,0,0,1,0,1,0,0,1,0,1
27.0,4,73600.0,0.0,73600.0,31000.0,0,1,1,1,0,0,0,1,0,1
27.0,2,44300.0,28800.0,73100.0,33000.0,0,0,0,1,1,0,0,1,0,1
27.0,2,72500.0,0.0,72500.0,30000.0,1,1,0,0,0,0,0,1,0,1
27.0,3,71500.0,20225.5593220339,71500.0,23000.0,0,1,1,0,0,2,0,1,1,0
27.0,2,41500.0,30500.0,72000.0,21000.0,0,0,1,0,1,2,0,1,1,0
27.0,3,71300.0,0.0,71300.0,20000.0,0,1,0,0,0,2,0,1,1,0
27.0,3,45500.0,25000.0,70500.0,30000.0,0,0,1,0,1,0,0,1,1,0
27.0,4,69800.0,20225.5593220339,69800.0,30000.0,0,1,1,0,0,0,0,1,0,1
27.0,2,69900.0,0.0,69900.0,27000.0,0,1,1,0,0,2,0,1,1,0
27.0,2,68800.0,0.0,68800.0,28000.0,0,1,0,1,0,0,0,1,1,0
27.0,3,68500.0,20225.5593220339,68500.0,25000.0,0,1,0,0,0,0,0,1,0,1
27.0,2,67300.0,0.0,67300.0,30000.0,0,1,0,1,0,0,0,1,0,1
27.0,3,67600.0,0.0,67600.0,28000.0,0,1,1,1,0,2,0,1,1,0
27.0,2,67100.0,0.0,67100.0,22000.0,0,1,1,0,0,0,0,1,0,1
27.0,3,66900.0,0.0,66900.0,32000.0,0,1,1,1,0,0,0,1,0,1
27.0,1,66200.0,0.0,66200.0,23000.0,0,1,1,0,0,0,0,1,1,0
27.0,2,65900.0,0.0,65900.0,28000.0,1,1,1,1,0,0,0,1,0,1
27.0,2,65000.0,0.0,65000.0,25000.0,1,1,0,0,0,0,0,1,1,0
27.0,3,65200.0,20225.5593220339,65200.0,23000.0,0,1,1,1,0,0,0,1,0,1
27.0,4,63700.0,0.0,63700.0,31000.0,0,1,1,0,0,2,0,1,1,0
27.0,3,63500.0,0.0,63500.0,26000.0,0,1,1,0,0,2,0,1,0,1
27.0,2,63700.0,0.0,63700.0,23000.0,0,1,1,0,0,0,0,1,1,0
27.0,0,63600.0,0.0,63600.0,23000.0,1,1,1,0,0,0,0,1,1,0
27.0,3,63900.0,20225.5593220339,63900.0,19000.0,0,1,0,0,0,0,0,1,1,0
27.0,1,62700.0,20225.5593220339,62700.0,26000.0,1,1,1,0,0,0,0,1,0,1
27.0,2,60800.0,0.0,60800.0,24000.0,1,0,0,1,0,0,0,1,1,0
27.0,3,59900.0,0.0,59900.0,27000.0,0,0,0,0,0,2,0,1,0,1
27.0,3,58700.0,0.0,58700.0,33000.0,0,0,0,0,0,0,0,1,1,0
27.0,4,58400.0,0.0,58400.0,32000.0,0,0,1,1,0,0,1,0,0,1
27.0,3,57400.0,0.0,57400.0,23000.0,0,0,1,0,0,0,0,1,1,0
27.0,3,57400.0,0.0,57400.0,21000.0,0,0,0,0,0,2,0,1,1,0
27.0,3,56100.0,0.0,56100.0,31000.0,0,0,0,1,0,2,0,1,1,0
27.0,3,55200.0,0.0,55200.0,26000.0,0,0,1,0,0,0,0,1,1,0
27.0,2,54400.0,0.0,54400.0,29000.0,0,0,1,0,0,0,0,1,1,0
27.0,2,45400.0,0.0,45400.0,30000.0,0,0,1,1,0,0,0,1,0,1
27.0,4,44500.0,0.0,44500.0,32000.0,0,0,0,1,0,0,0,1,0,1
27.0,3,43200.0,0.0,43200.0,25000.0,0,0,1,0,0,0,0,1,1,0
27.0,3,42800.0,0.0,42800.0,22000.0,0,0,0,0,0,0,0,1,1,0
27.0,2,41800.0,0.0,41800.0,28000.0,1,0,0,0,0,0,0,1,0,1
26.0,3,74100.0,45900.0,120000.0,24000.0,0,1,1,1,1,0,0,1,1,0
26.0,4,74500.0,40300.0,114800.0,28000.0,0,1,0,1,1,0,0,1,0,1
26.0,4,78700.0,35800.0,114500.0,28000.0,0,1,0,1,1,2,0,1,1,0
26.0,2,72000.0,40600.0,112600.0,31000.0,0,1,0,1,1,0,0,1,0,1
26.0,2,70900.0,40400.0,111300.0,21000.0,0,1,1,0,1,2,0,1,1,0
26.0,3,79100.0,30400.0,109500.0,25000.0,0,1,0,0,1,0,0,1,0,1
26.0,3,69200.0,100.0,69300.0,18000.0,0,1,0,0,1,2,0,1,1,0
26.0,3,76100.0,30600.0,106700.0,23000.0,0,1,0,1,1,0,1,0,0,1
26.0,2,75000.0,30500.0,105500.0,23000.0,0,1,0,0,1,0,0,1,0,1
26.0,4,75200.0,28800.0,104000.0,32000.0,0,1,0,1,1,0,0,1,0,1
26.0,3,52500.0,50300.0,102800.0,31000.0,0,0,1,1,1,0,0,1,1,0
26.0,3,62600.0,40100.0,102700.0,22000.0,0,1,0,0,1,0,0,1,1,0
26.0,4,73000.0,28000.0,101000.0,32000.0,0,1,1,1,1,0,0,1,0,1
26.0,4,69600.0,32000.0,101600.0,27000.0,0,1,0,0,1,0,0,1,1,0
26.0,4,66500.0,30800.0,97300.0,18000.0,0,1,1,1,1,2,0,1,1,0
26.0,4,72800.0,28900.0,101700.0,33000.0,0,1,0,0,1,0,0,1,0,1
26.0,3,72600.0,28500.0,101100.0,33000.0,0,1,1,0,1,0,0,1,1,0
26.0,3,68400.0,32700.0,101100.0,28000.0,0,1,0,0,1,0,0,1,0,1
26.0,2,67000.0,32200.0,99200.0,27000.0,0,1,0,1,1,2,0,1,1,0
26.0,3,74200.0,24000.0,98200.0,22000.0,0,1,0,0,1,0,0,1,0,1
26.0,2,74600.0,24700.0,99300.0,22000.0,0,1,0,1,1,0,0,1,0,1
26.0,3,67700.0,30400.0,98100.0,23000.0,0,1,0,0,1,2,0,1,1,0
26.0,3,72600.0,25700.0,98300.0,18000.0,0,1,1,1,1,2,0,1,0,1
26.0,3,67900.0,28000.0,95900.0,29000.0,0,1,1,1,1,0,0,1,1,0
26.0,2,63200.0,32700.0,95900.0,28000.0,0,1,0,0,1,2,0,1,0,1
26.0,4,63700.0,32500.0,96200.0,27000.0,0,1,1,0,1,0,0,1,0,1
26.0,2,63800.0,32200.0,96000.0,27000.0,0,1,1,1,1,0,0,1,0,1
26.0,2,70700.0,25200.0,95900.0,20000.0,0,1,0,0,1,0,0,1,1,0
26.0,2,66900.0,28900.0,95800.0,29000.0,0,1,1,0,1,0,0,1,1,0
26.0,3,68600.0,25700.0,94300.0,24000.0,0,1,1,1,1,2,0,1,1,0
26.0,3,68400.0,25000.0,93400.0,20000.0,0,1,1,0,1,0,0,1,1,0
26.0,2,52000.0,40700.0,92700.0,26000.0,0,0,1,0,1,0,0,1,0,1
26.0,3,63000.0,28200.0,91200.0,31000.0,0,1,0,1,1,0,0,1,0,1
26.0,2,62400.0,28400.0,90800.0,31000.0,0,1,0,0,1,0,0,1,1,0
26.0,4,49900.0,40500.0,90400.0,27000.0,0,0,1,0,1,2,0,1,0,1
26.0,3,47400.0,40600.0,88000.0,20000.0,0,0,0,1,1,0,0,1,1,0
26.0,3,61400.0,24400.0,85800.0,27000.0,0,1,1,0,1,2,0,1,1,0
26.0,4,52500.0,32100.0,84600.0,29000.0,0,0,1,0,1,0,0,1,1,0
26.0,3,61900.0,23500.0,85400.0,27000.0,0,1,0,0,1,2,0,1,1,0
26.0,3,57500.0,26100.0,83600.0,26000.0,0,0,1,0,1,2,0,1,0,1
26.0,4,80300.0,0.0,80300.0,29000.0,0,1,1,1,0,2,0,1,0,1
26.0,3,40200.0,40100.0,80300.0,26000.0,0,0,0,0,1,2,0,1,0,1
26.0,3,50600.0,30900.0,81500.0,25000.0,0,0,1,1,1,0,0,1,1,0
26.0,3,50900.0,30700.0,81600.0,22000.0,0,0,0,0,1,0,0,1,0,1
26.0,3,79800.0,0.0,79800.0,29000.0,0,1,0,1,0,0,0,1,0,1
26.0,2,79500.0,0.0,79500.0,24000.0,1,1,1,0,0,0,0,1,1,0
26.0,2,54800.0,25400.0,80200.0,21000.0,0,0,0,1,1,2,0,1,0,1
26.0,3,78100.0,0.0,78100.0,30000.0,0,1,0,1,0,0,0,1,0,1
26.0,2,56000.0,22600.0,78600.0,28000.0,0,0,1,0,1,2,0,1,1,0
26.0,2,52100.0,26900.0,79000.0,19000.0,0,0,1,0,1,2,0,1,1,0
26.0,3,47400.0,30000.0,77400.0,22000.0,0,0,1,1,1,0,0,1,1,0
26.0,2,46900.0,30800.0,77700.0,26000.0,0,0,0,1,1,2,0,1,0,1
26.0,2,76900.0,0.0,76900.0,23000.0,0,1,0,1,0,2,0,1,0,1
26.0,3,74800.0,0.0,74800.0,27000.0,0,1,0,0,0,2,0,1,0,1
26.0,2,74700.0,0.0,74700.0,21000.0,1,1,0,1,0,0,0,1,1,0
26.0,3,74800.0,0.0,74800.0,21000.0,0,1,1,0,0,2,0,1,1,0
26.0,4,73800.0,0.0,73800.0,30000.0,0,1,0,0,0,0,0,1,0,1
26.0,3,73800.0,0.0,73800.0,24000.0,0,1,1,1,0,0,0,1,1,0
26.0,3,48600.0,24200.0,72800.0,26000.0,0,0,0,0,1,2,0,1,0,1
26.0,2,70700.0,0.0,70700.0,31000.0,1,1,1,0,0,0,0,1,0,1
26.0,4,41500.0,28900.0,70400.0,30000.0,0,0,0,1,1,0,0,1,0,1
26.0,2,69100.0,20225.5593220339,69100.0,20000.0,1,1,0,0,0,0,1,0,0,1
26.0,3,44800.0,25800.0,70600.0,19000.0,0,0,1,1,1,2,0,1,0,1
26.0,2,68800.0,0.0,68800.0,19000.0,1,1,0,1,0,0,0,1,1,0
26.0,3,68900.0,0.0,68900.0,19000.0,0,1,1,0,0,0,0,1,1,0
26.0,3,67000.0,0.0,67000.0,27000.0,0,1,1,0,0,2,0,1,1,0
26.0,2,67100.0,0.0,67100.0,27000.0,0,1,0,1,0,0,0,1,1,0
26.0,0,67500.0,20225.5593220339,67500.0,23000.0,1,1,1,0,0,0,0,1,1,0
26.0,4,67400.0,0.0,67400.0,18000.0,0,1,0,0,0,2,0,1,1,0
26.0,4,66600.0,0.0,66600.0,30000.0,0,1,1,0,0,0,0,1,0,1
26.0,3,66700.0,0.0,66700.0,23000.0,0,1,0,0,0,0,0,1,0,1
26.0,2,66800.0,0.0,66800.0,20000.0,0,1,1,0,0,0,0,1,1,0
26.0,2,65100.0,0.0,65100.0,25000.0,0,1,1,1,0,0,0,1,0,1
26.0,2,64700.0,0.0,64700.0,23000.0,1,1,1,0,0,0,0,1,1,0
26.0,2,64100.0,20225.5593220339,64100.0,20000.0,1,1,1,0,0,0,0,1,0,1
26.0,3,63200.0,0.0,63200.0,32000.0,0,1,1,1,0,0,0,1,1,0
26.0,4,63200.0,0.0,63200.0,31000.0,0,1,0,0,0,2,0,1,1,0
26.0,3,63100.0,0.0,63100.0,24000.0,0,1,0,1,0,0,0,1,1,0
26.0,3,62700.0,0.0,62700.0,26000.0,0,1,1,1,0,2,0,1,1,0
26.0,3,62900.0,0.0,62900.0,22000.0,0,1,1,0,0,0,0,1,0,1
26.0,2,61100.0,0.0,61100.0,28000.0,1,1,1,0,0,0,0,1,0,1
26.0,3,58600.0,0.0,58600.0,23000.0,0,0,1,0,0,0,0,1,0,1
26.0,3,57300.0,20225.5593220339,57300.0,22000.0,0,0,1,1,0,0,0,1,1,0
26.0,2,54900.0,0.0,54900.0,25000.0,0,0,1,0,0,0,0,1,1,0
26.0,2,52000.0,0.0,52000.0,31000.0,0,0,1,0,0,2,0,1,1,0
26.0,4,52700.0,0.0,52700.0,29000.0,0,0,0,0,0,0,0,1,0,1
26.0,2,52200.0,0.0,52200.0,28000.0,0,0,1,0,0,0,0,1,1,0
26.0,3,51000.0,20225.5593220339,51000.0,30000.0,0,0,1,0,0,0,0,1,1,0
26.0,3,51500.0,0.0,51500.0,23000.0,0,0,1,0,0,0,0,1,0,1
26.0,3,51400.0,20225.5593220339,51400.0,18000.0,0,0,0,0,0,2,0,1,1,0
26.0,3,49000.0,0.0,49000.0,23000.0,0,0,1,1,0,2,0,1,1,0
26.0,2,44400.0,0.0,44400.0,19000.0,0,0,0,1,0,2,0,1,0,1
26.0,1,43700.0,0.0,43700.0,28000.0,0,0,0,1,0,0,0,1,1,0
26.0,2,42600.0,0.0,42600.0,30000.0,1,0,0,0,0,0,0,1,0,1
26.0,3,42500.0,0.0,42500.0,25000.0,0,0,0,0,0,0,0,1,0,1
26.0,2,42200.0,0.0,42200.0,24000.0,1,0,1,0,0,0,0,1,0,1
25.0,2,54400.0,300.0,54700.0,18000.0,0,1,0,1,1,2,0,1,0,1
25.0,3,56300.0,45500.0,101800.0,21000.0,0,1,1,0,1,2,0,1,0,1
25.0,3,59500.0,40600.0,100100.0,25000.0,0,1,1,0,1,0,0,1,0,1
25.0,3,58700.0,40800.0,99500.0,33000.0,0,1,1,1,1,0,0,1,1,0
25.0,3,58900.0,40100.0,99000.0,27000.0,0,1,1,1,1,2,0,1,0,1
25.0,3,58600.0,20000.0,78600.0,20000.0,0,1,0,1,1,0,0,1,1,0
25.0,2,54700.0,900.0,55600.0,20000.0,0,1,0,1,1,0,0,1,1,0
25.0,4,56500.0,35300.0,91800.0,32000.0,0,1,1,0,1,0,0,1,1,0
25.0,4,51700.0,40400.0,92100.0,29000.0,0,1,1,0,1,0,0,1,1,0
25.0,3,50200.0,40700.0,90900.0,25000.0,0,1,0,0,1,0,0,1,1,0
25.0,2,59300.0,30800.0,90100.0,27000.0,0,1,1,0,1,2,0,1,1,0
25.0,2,58300.0,30200.0,88500.0,24000.0,0,1,1,0,1,0,0,1,1,0
25.0,3,57900.0,30400.0,88300.0,26000.0,0,1,1,0,1,2,0,1,1,0
25.0,3,58100.0,28500.0,86600.0,30000.0,0,1,0,0,1,0,0,1,0,1
25.0,3,56000.0,30600.0,86600.0,23000.0,0,1,0,0,1,2,0,1,0,1
25.0,2,55600.0,30800.0,86400.0,31000.0,0,1,1,0,1,0,0,1,1,0
25.0,3,60800.0,25100.0,85900.0,19000.0,0,1,0,0,1,2,0,1,1,0
25.0,4,56700.0,28200.0,84900.0,31000.0,0,1,1,0,1,0,0,1,1,0
25.0,3,54100.0,30800.0,84900.0,26000.0,0,1,0,1,1,2,0,1,1,0
25.0,3,58700.0,26200.0,84900.0,25000.0,0,1,0,0,1,0,0,1,1,0
25.0,3,54800.0,30200.0,85000.0,24000.0,0,1,1,0,1,0,0,1,0,1
25.0,3,54900.0,30600.0,85500.0,22000.0,0,1,0,1,1,0,0,1,1,0
25.0,2,53200.0,30900.0,84100.0,25000.0,0,1,0,1,1,0,0,1,0,1
25.0,3,53700.0,30400.0,84100.0,24000.0,0,1,1,1,1,0,0,1,1,0
25.0,3,58600.0,25500.0,84100.0,20000.0,0,1,1,0,1,0,0,1,1,0
25.0,3,58700.0,24200.0,82900.0,28000.0,0,1,1,1,1,0,0,1,0,1
25.0,3,53100.0,28200.0,81300.0,31000.0,0,1,0,0,1,2,0,1,0,1
25.0,4,58800.0,23200.0,82000.0,30000.0,0,1,0,0,1,0,0,1,0,1
25.0,3,56400.0,25400.0,81800.0,20000.0,0,1,1,0,1,2,0,1,1,0
25.0,4,54000.0,26900.0,80900.0,31000.0,0,1,1,0,1,2,0,1,1,0
25.0,3,50500.0,30500.0,81000.0,26000.0,0,1,0,1,1,0,0,1,1,0
25.0,3,55300.0,25000.0,80300.0,20000.0,0,1,0,1,1,0,0,1,0,1
25.0,4,51400.0,28600.0,80000.0,31000.0,0,1,0,0,1,2,0,1,1,0
25.0,4,39700.0,40900.0,80600.0,30000.0,0,0,1,0,1,0,0,1,1,0
25.0,2,39800.0,40000.0,79800.0,28000.0,0,0,0,0,1,0,0,1,0,1
25.0,2,38600.0,40800.0,79400.0,21000.0,0,0,0,0,1,2,0,1,1,0
25.0,4,52700.0,25300.0,78000.0,30000.0,0,1,0,1,1,0,0,1,1,0
25.0,3,37700.0,40100.0,77800.0,20000.0,0,0,0,1,1,2,0,1,0,1
25.0,3,36100.0,40200.0,76300.0,24000.0,0,0,0,1,1,2,0,1,1,0
25.0,3,50600.0,25700.0,76300.0,20000.0,0,1,0,0,1,0,0,1,0,1
25.0,4,34700.0,40000.0,74700.0,33000.0,0,0,0,1,1,0,0,1,0,1
25.0,3,34100.0,40700.0,74800.0,31000.0,0,0,0,1,1,0,0,1,0,1
25.0,4,52000.0,22300.0,74300.0,28000.0,0,1,1,1,1,0,0,1,0,1
25.0,3,34800.0,40200.0,75000.0,26000.0,0,0,1,1,1,2,0,1,0,1
25.0,4,39400.0,32200.0,71600.0,27000.0,0,0,1,0,1,2,0,1,0,1
25.0,2,40500.0,30800.0,71300.0,26000.0,0,0,0,0,1,0,0,1,0,1
25.0,3,40300.0,30600.0,70900.0,24000.0,0,0,0,0,1,2,0,1,0,1
25.0,3,33000.0,35400.0,68400.0,32000.0,0,0,0,1,1,0,0,1,1,0
25.0,4,36100.0,32200.0,68300.0,27000.0,0,0,1,0,1,2,0,1,0,1
25.0,3,39600.0,28300.0,67900.0,33000.0,0,0,1,0,1,0,0,1,1,0
25.0,3,33700.0,32900.0,66600.0,29000.0,0,0,1,1,1,2,0,1,1,0
25.0,3,35000.0,30500.0,65500.0,23000.0,0,0,0,0,1,2,0,1,0,1
25.0,4,36200.0,28200.0,64400.0,33000.0,0,0,0,1,1,0,0,1,0,1
25.0,2,36500.0,28600.0,65100.0,30000.0,0,0,1,0,1,0,0,1,1,0
25.0,2,32600.0,30700.0,63300.0,26000.0,0,0,0,0,1,2,0,1,0,1
25.0,3,32300.0,30900.0,63200.0,23000.0,0,0,0,1,1,2,0,1,1,0
25.0,3,60900.0,20225.5593220339,60900.0,23000.0,0,1,0,0,0,0,0,1,1,0
25.0,3,35900.0,25000.0,60900.0,20000.0,0,0,1,0,1,0,0,1,0,1
25.0,0,60700.0,0.0,60700.0,19000.0,1,1,1,0,0,0,0,1,0,1
25.0,1,59200.0,0.0,59200.0,32000.0,0,1,1,0,0,0,0,1,1,0
25.0,3,59100.0,0.0,59100.0,26000.0,0,1,1,0,0,0,0,1,0,1
25.0,3,59200.0,0.0,59200.0,21000.0,0,1,1,1,0,2,0,1,1,0
25.0,3,34800.0,25400.0,60200.0,19000.0,0,0,0,1,1,0,0,1,0,1
25.0,4,58100.0,0.0,58100.0,29000.0,0,1,1,1,0,0,0,1,0,1
25.0,2,58700.0,0.0,58700.0,27000.0,1,1,0,0,0,0,0,1,0,1
25.0,3,33100.0,20000.0,53100.0,20000.0,0,0,0,0,1,0,0,1,0,1
25.0,2,58000.0,20225.5593220339,58000.0,19000.0,1,1,0,0,0,0,0,1,1,0
25.0,3,57900.0,20225.5593220339,57900.0,32000.0,0,1,1,0,0,0,0,1,0,1
25.0,4,57600.0,0.0,57600.0,32000.0,0,1,0,0,0,0,0,1,0,1
25.0,2,57800.0,0.0,57800.0,31000.0,1,1,0,0,0,0,0,1,0,1
25.0,3,57100.0,0.0,57100.0,28000.0,0,1,0,1,0,0,0,1,1,0
25.0,3,57600.0,0.0,57600.0,25000.0,0,1,1,0,0,0,0,1,1,0
25.0,3,32500.0,25200.0,57700.0,21000.0,0,0,1,0,1,2,0,1,0,1
25.0,3,57100.0,0.0,57100.0,20000.0,0,1,1,1,0,0,0,1,0,1
25.0,4,56800.0,0.0,56800.0,31000.0,0,1,0,1,0,2,0,1,0,1
25.0,3,56200.0,0.0,56200.0,20000.0,0,1,1,1,0,0,0,1,1,0
25.0,2,31000.0,25900.0,56900.0,20000.0,0,0,0,0,1,0,0,1,0,1
25.0,3,56900.0,0.0,56900.0,19000.0,0,1,0,1,0,2,0,1,1,0
25.0,3,31200.0,25900.0,57100.0,19000.0,0,0,0,0,1,0,0,1,1,0
25.0,2,55900.0,0.0,55900.0,30000.0,1,1,0,0,0,0,0,1,1,0
25.0,3,55900.0,0.0,55900.0,29000.0,0,1,0,0,0,2,0,1,0,1
25.0,3,55500.0,0.0,55500.0,27000.0,0,1,1,0,0,2,0,1,1,0
25.0,3,55600.0,20225.5593220339,55600.0,24000.0,0,1,0,1,0,0,0,1,1,0
25.0,4,53800.0,0.0,53800.0,30000.0,0,1,0,0,0,0,0,1,1,0
25.0,2,53800.0,0.0,53800.0,27000.0,1,1,1,1,0,0,0,1,1,0
25.0,3,53200.0,20225.5593220339,53200.0,20000.0,0,1,0,0,0,0,0,1,0,1
25.0,3,53600.0,0.0,53600.0,20000.0,0,1,0,1,0,2,0,1,0,1
25.0,3,52000.0,0.0,52000.0,30000.0,0,1,0,1,0,0,0,1,1,0
25.0,3,52900.0,0.0,52900.0,27000.0,0,1,0,0,0,2,0,1,1,0
25.0,3,52500.0,20225.5593220339,52500.0,26000.0,0,1,0,1,0,0,0,1,0,1
25.0,2,52300.0,0.0,52300.0,24000.0,1,1,1,1,0,0,0,1,1,0
25.0,2,52400.0,0.0,52400.0,22000.0,0,1,1,0,0,0,0,1,1,0
25.0,3,52000.0,0.0,52000.0,20000.0,0,1,1,1,0,0,0,1,0,1
25.0,2,51900.0,0.0,51900.0,25000.0,0,1,0,0,0,0,0,1,0,1
25.0,3,51300.0,20225.5593220339,51300.0,20000.0,0,1,1,1,0,0,0,1,1,0
25.0,3,50900.0,0.0,50900.0,29000.0,0,1,0,0,0,0,0,1,0,1
25.0,2,50500.0,0.0,50500.0,25000.0,0,1,1,0,0,0,0,1,1,0
25.0,3,50100.0,0.0,50100.0,23000.0,0,1,1,1,0,2,0,1,0,1
25.0,4,39100.0,20225.5593220339,39100.0,32000.0,0,0,0,0,0,0,0,1,1,0
25.0,2,39300.0,0.0,39300.0,25000.0,1,0,0,0,0,0,0,1,1,0
25.0,3,39700.0,0.0,39700.0,24000.0,0,0,1,0,0,2,0,1,1,0
25.0,2,39600.0,0.0,39600.0,20000.0,0,0,1,0,0,0,0,1,0,1
25.0,3,39200.0,0.0,39200.0,18000.0,0,0,1,1,0,2,0,1,1,0
25.0,4,38900.0,0.0,38900.0,32000.0,0,0,0,0,0,0,0,1,1,0
25.0,1,38100.0,0.0,38100.0,24000.0,0,0,1,0,0,0,0,1,0,1
25.0,3,38600.0,20225.5593220339,38600.0,21000.0,0,0,1,1,0,2,0,1,0,1
25.0,3,38500.0,0.0,38500.0,20000.0,0,0,1,0,0,0,0,1,0,1
25.0,3,35600.0,0.0,35600.0,23000.0,0,0,1,1,0,2,0,1,1,0
25.0,1,34200.0,20225.5593220339,34200.0,30000.0,0,0,1,0,0,0,0,1,1,0
25.0,4,34600.0,0.0,34600.0,28000.0,0,0,0,0,0,0,0,1,0,1
25.0,3,34900.0,20225.5593220339,34900.0,26000.0,0,0,0,0,0,0,0,1,1,0
25.0,4,32300.0,0.0,32300.0,28000.0,0,0,0,1,0,0,0,1,0,1
25.0,2,32500.0,0.0,32500.0,26000.0,1,0,0,0,0,0,0,1,0,1
25.0,3,32000.0,0.0,32000.0,19000.0,0,0,1,0,0,2,0,1,0,1
25.0,2,31800.0,0.0,31800.0,31000.0,1,0,1,0,0,0,0,1,1,0
25.0,2,31300.0,0.0,31300.0,27000.0,1,0,0,1,0,0,0,1,1,0
25.0,2,31800.0,0.0,31800.0,25000.0,1,0,1,0,0,0,0,1,1,0
25.0,3,31200.0,0.0,31200.0,18000.0,0,0,1,0,0,2,0,1,0,1
24.0,2,60700.0,40800.0,101500.0,25000.0,0,1,0,0,1,0,0,1,0,1
24.0,3,60300.0,100.0,60400.0,18000.0,0,1,1,0,1,2,0,1,0,1
24.0,2,59000.0,40500.0,99500.0,26000.0,0,1,0,0,1,0,0,1,1,0
24.0,4,58900.0,40400.0,99300.0,31000.0,0,1,0,0,1,2,0,1,0,1
24.0,2,58400.0,40200.0,98600.0,31000.0,0,1,1,0,1,2,0,1,1,0
24.0,3,57500.0,40000.0,97500.0,23000.0,0,1,1,0,1,2,0,1,0,1
24.0,3,57800.0,200.0,58000.0,18000.0,0,1,0,1,1,2,0,1,1,0
24.0,2,56500.0,40200.0,96700.0,27000.0,0,1,1,1,1,2,0,1,1,0
24.0,4,55100.0,40500.0,95600.0,31000.0,0,1,0,1,1,2,0,1,0,1
24.0,3,55800.0,40100.0,95900.0,27000.0,0,1,0,0,1,2,0,1,0,1
24.0,3,54300.0,40900.0,95200.0,32000.0,0,1,0,0,1,0,0,1,1,0
24.0,2,53600.0,40500.0,94100.0,32000.0,0,1,1,0,1,0,0,1,0,1
24.0,3,52000.0,40300.0,92300.0,23000.0,0,1,0,1,1,2,0,1,0,1
24.0,2,59600.0,30000.0,89600.0,26000.0,0,1,0,0,1,2,0,1,0,1
24.0,4,58300.0,30700.0,89000.0,28000.0,0,1,1,0,1,0,0,1,0,1
24.0,2,58700.0,30000.0,88700.0,23000.0,0,1,1,0,1,2,0,1,1,0
24.0,3,58900.0,28500.0,87400.0,31000.0,0,1,0,0,1,2,0,1,1,0
24.0,2,56700.0,30700.0,87400.0,26000.0,0,1,1,1,1,2,0,1,0,1
24.0,3,56400.0,30000.0,86400.0,22000.0,0,1,0,0,1,0,0,1,0,1
24.0,3,58900.0,28100.0,87000.0,19000.0,0,1,0,1,1,0,0,1,1,0
24.0,3,57100.0,28600.0,85700.0,30000.0,0,1,0,0,1,0,0,1,0,1
24.0,2,53300.0,32400.0,85700.0,29000.0,0,1,1,1,1,2,0,1,0,1
24.0,3,55500.0,30100.0,85600.0,26000.0,0,1,1,1,1,0,0,1,0,1
24.0,3,51000.0,32500.0,83500.0,28000.0,0,1,0,1,1,0,0,1,1,0
24.0,3,53300.0,30500.0,83800.0,25000.0,0,1,0,1,1,0,0,1,0,1
24.0,2,54100.0,28900.0,83000.0,32000.0,0,1,0,0,1,0,0,1,1,0
24.0,3,54000.0,28200.0,82200.0,31000.0,0,1,0,0,1,0,0,1,0,1
24.0,4,57600.0,24900.0,82500.0,32000.0,0,1,0,0,1,0,0,1,1,0
24.0,3,51000.0,30000.0,81000.0,22000.0,0,1,1,1,1,0,0,1,0,1
24.0,3,56400.0,25300.0,81700.0,20000.0,0,1,0,1,1,0,0,1,1,0
24.0,2,52800.0,28700.0,81500.0,30000.0,0,1,1,0,1,0,0,1,0,1
24.0,3,56400.0,24000.0,80400.0,29000.0,0,1,0,0,1,0,0,1,0,1
24.0,2,54500.0,26900.0,81400.0,23000.0,0,1,1,1,1,0,0,1,1,0
24.0,3,55400.0,25600.0,81000.0,19000.0,0,1,0,0,1,2,0,1,1,0
24.0,3,38900.0,40800.0,79700.0,20000.0,0,0,1,0,1,2,0,1,1,0
24.0,2,37000.0,40300.0,77300.0,32000.0,0,0,1,0,1,0,1,0,0,1
24.0,2,37400.0,40300.0,77700.0,21000.0,0,0,1,0,1,2,0,1,1,0
24.0,4,52200.0,500.0,52700.0,18000.0,0,1,0,1,1,2,0,1,0,1
24.0,2,51300.0,25400.0,76700.0,21000.0,0,1,0,0,1,2,0,1,0,1
24.0,2,51700.0,25100.0,76800.0,19000.0,0,1,0,0,1,2,0,1,0,1
24.0,2,51000.0,25300.0,76300.0,19000.0,0,1,1,0,1,0,0,1,1,0
24.0,4,50100.0,25800.0,75900.0,29000.0,0,1,1,0,1,2,0,1,0,1
24.0,3,35300.0,40100.0,75400.0,24000.0,0,0,0,1,1,0,0,1,1,0
24.0,2,32300.0,40300.0,72600.0,29000.0,0,0,0,1,1,0,0,1,1,0
24.0,3,32600.0,40000.0,72600.0,20000.0,0,0,0,0,1,0,0,1,1,0
24.0,4,31000.0,40300.0,71300.0,31000.0,0,0,1,0,1,0,0,1,1,0
24.0,3,39700.0,30100.0,69800.0,22000.0,0,0,0,0,1,0,0,1,1,0
24.0,3,32200.0,35900.0,68100.0,33000.0,0,0,0,1,1,0,0,1,0,1
24.0,4,39800.0,28200.0,68000.0,32000.0,0,0,1,0,1,0,0,1,1,0
24.0,2,34700.0,32900.0,67600.0,28000.0,0,0,1,1,1,0,0,1,1,0
24.0,3,37600.0,28000.0,65600.0,29000.0,0,0,0,0,1,0,0,1,1,0
24.0,3,39800.0,25100.0,64900.0,21000.0,0,0,0,1,1,2,0,1,0,1
24.0,3,35000.0,28200.0,63200.0,30000.0,0,0,0,0,1,0,0,1,1,0
24.0,4,31900.0,32500.0,64400.0,29000.0,0,0,0,1,1,0,0,1,0,1
24.0,3,33700.0,30600.0,64300.0,23000.0,0,0,1,1,1,2,0,1,1,0
24.0,3,60900.0,0.0,60900.0,20000.0,0,1,0,0,0,0,0,1,1,0
24.0,2,59400.0,0.0,59400.0,32000.0,0,1,1,0,0,0,0,1,1,0
24.0,2,31500.0,28000.0,59500.0,31000.0,0,0,1,1,1,0,0,1,1,0
24.0,2,59900.0,20225.5593220339,59900.0,23000.0,0,1,1,0,0,0,0,1,1,0
24.0,3,34300.0,25200.0,59500.0,20000.0,0,0,1,0,1,2,0,1,0,1
24.0,2,58800.0,0.0,58800.0,31000.0,1,1,0,0,0,0,0,1,1,0
24.0,3,58300.0,0.0,58300.0,30000.0,0,1,1,0,0,0,0,1,1,0
24.0,3,58600.0,0.0,58600.0,29000.0,0,1,1,0,0,2,0,1,1,0
24.0,3,33400.0,25900.0,59300.0,21000.0,0,0,0,1,1,2,0,1,1,0
24.0,3,33200.0,25700.0,58900.0,20000.0,0,0,0,0,1,0,0,1,1,0
24.0,3,34600.0,20225.5593220339,58800.0,20000.0,0,0,1,0,1,0,0,1,0,1
24.0,3,58900.0,0.0,58900.0,19000.0,0,1,1,0,0,2,0,1,0,1
24.0,3,57200.0,0.0,57200.0,30000.0,0,1,0,0,0,2,0,1,0,1
24.0,2,57900.0,0.0,57900.0,23000.0,0,1,1,1,0,0,0,1,0,1
24.0,3,32400.0,20225.5593220339,58200.0,18000.0,0,0,1,0,1,2,0,1,1,0
24.0,3,56000.0,20225.5593220339,56000.0,33000.0,0,1,0,0,0,0,1,0,0,1
24.0,2,56100.0,0.0,56100.0,26000.0,0,1,0,1,0,2,0,1,1,0
24.0,3,56400.0,0.0,56400.0,25000.0,0,1,0,0,0,0,0,1,1,0
24.0,3,56100.0,0.0,56100.0,25000.0,0,1,0,0,0,0,0,1,0,1
24.0,3,56100.0,20225.5593220339,56100.0,24000.0,0,1,1,0,0,0,0,1,0,1
24.0,4,55000.0,0.0,55000.0,28000.0,0,1,0,1,0,0,0,1,1,0
24.0,3,55100.0,0.0,55100.0,28000.0,0,1,0,1,0,2,0,1,1,0
24.0,4,54100.0,0.0,54100.0,27000.0,0,1,1,1,0,0,0,1,0,1
24.0,2,54000.0,20225.5593220339,54000.0,25000.0,0,1,1,0,0,0,0,1,0,1
24.0,2,54200.0,0.0,54200.0,20000.0,1,1,1,1,0,0,0,1,1,0
24.0,2,52400.0,0.0,52400.0,24000.0,1,1,0,1,0,0,0,1,0,1
24.0,3,52000.0,0.0,52000.0,19000.0,0,1,1,0,0,0,0,1,1,0
24.0,3,51300.0,20225.5593220339,51300.0,28000.0,0,1,0,0,0,0,0,1,0,1
24.0,4,39900.0,0.0,39900.0,33000.0,0,0,0,0,0,0,0,1,0,1
24.0,3,39200.0,0.0,39200.0,31000.0,0,0,0,0,0,0,0,1,1,0
24.0,2,39100.0,0.0,39100.0,26000.0,0,0,0,0,0,0,0,1,0,1
24.0,3,39500.0,0.0,39500.0,22000.0,0,0,0,0,0,0,0,1,0,1
24.0,3,39400.0,0.0,39400.0,21000.0,0,0,0,1,0,2,0,1,0,1
24.0,2,38400.0,0.0,38400.0,25000.0,1,0,1,0,0,0,0,1,1,0
24.0,0,38200.0,0.0,38200.0,22000.0,1,0,1,0,0,0,0,1,1,0
24.0,4,36500.0,0.0,36500.0,33000.0,0,0,1,1,0,0,0,1,0,1
24.0,3,36900.0,0.0,36900.0,24000.0,0,0,0,0,0,0,0,1,1,0
24.0,0,35400.0,0.0,35400.0,22000.0,1,0,0,1,0,0,0,1,0,1
24.0,2,35300.0,0.0,35300.0,20000.0,1,0,0,0,0,0,0,1,0,1
24.0,0,35700.0,0.0,35700.0,18000.0,1,0,0,0,0,0,0,1,1,0
24.0,3,34200.0,0.0,34200.0,32000.0,0,0,0,0,0,0,0,1,0,1
24.0,4,34300.0,0.0,34300.0,28000.0,0,0,1,0,0,0,0,1,0,1
24.0,3,34100.0,0.0,34100.0,22000.0,0,0,0,0,0,0,0,1,1,0
24.0,4,31900.0,0.0,31900.0,28000.0,0,0,1,1,0,0,0,1,1,0
24.0,2,31300.0,0.0,31300.0,25000.0,1,0,1,1,0,0,0,1,1,0
24.0,3,31100.0,0.0,31100.0,22000.0,0,0,1,0,0,0,0,1,1,0
24.0,4,30900.0,0.0,30900.0,28000.0,0,0,0,1,0,0,0,1,1,0
24.0,3,30600.0,0.0,30600.0,22000.0,0,0,0,1,0,0,0,1,1,0
24.0,2,30000.0,0.0,30000.0,18000.0,1,0,0,1,0,0,0,1,0,1
23.0,2,60900.0,40500.0,101400.0,25000.0,0,1,0,0,1,0,0,1,0,1
23.0,4,53100.0,45000.0,98100.0,32000.0,0,1,1,0,1,0,0,1,0,1
23.0,3,56600.0,40200.0,96800.0,23000.0,0,1,1,1,1,2,0,1,1,0
23.0,4,53800.0,40500.0,94300.0,28000.0,0,1,0,1,1,0,0,1,0,1
23.0,2,51400.0,40500.0,91900.0,29000.0,0,1,1,0,1,0,0,1,0,1
23.0,2,59100.0,32000.0,91100.0,27000.0,0,1,1,0,1,0,1,0,0,1
23.0,3,51900.0,40100.0,92000.0,24000.0,0,1,0,0,1,0,0,1,0,1
23.0,4,58200.0,32600.0,90800.0,28000.0,0,1,1,1,1,0,0,1,1,0
23.0,2,50800.0,40100.0,90900.0,22000.0,0,1,1,0,1,0,0,1,1,0
23.0,3,60200.0,28700.0,88900.0,32000.0,0,1,1,1,1,0,0,1,0,1
23.0,3,58300.0,30100.0,88400.0,24000.0,0,1,0,0,1,0,0,1,0,1
23.0,3,58800.0,30200.0,89000.0,23000.0,0,1,0,0,1,2,0,1,0,1
23.0,4,59300.0,28000.0,87300.0,30000.0,0,1,1,0,1,0,0,1,1,0
23.0,4,55000.0,32300.0,87300.0,29000.0,0,1,0,0,1,2,0,1,0,1
23.0,2,56000.0,30300.0,86300.0,24000.0,0,1,0,0,1,0,0,1,0,1
23.0,4,57100.0,28200.0,85300.0,31000.0,0,1,1,1,1,2,0,1,1,0
23.0,3,55300.0,30900.0,86200.0,23000.0,0,1,0,0,1,2,0,1,1,0
23.0,4,56400.0,28900.0,85300.0,33000.0,0,1,1,0,1,0,0,1,1,0
23.0,2,53100.0,30600.0,83700.0,23000.0,0,1,1,1,1,0,0,1,1,0
23.0,3,53000.0,30600.0,83600.0,21000.0,0,1,1,1,1,2,0,1,1,0
23.0,2,58600.0,600.0,59200.0,20000.0,0,1,0,0,1,0,0,1,0,1
23.0,2,52500.0,30800.0,83300.0,24000.0,0,1,1,1,1,2,0,1,0,1
23.0,3,53900.0,28000.0,81900.0,32000.0,0,1,0,0,1,0,0,1,0,1
23.0,3,51300.0,30300.0,81600.0,26000.0,0,1,1,0,1,2,0,1,0,1
23.0,2,51400.0,30500.0,81900.0,24000.0,0,1,0,0,1,0,0,1,1,0
23.0,3,55400.0,25800.0,81200.0,26000.0,0,1,0,1,1,0,0,1,0,1
23.0,2,55200.0,25700.0,80900.0,20000.0,0,1,1,1,1,0,0,1,0,1
23.0,2,51200.0,28000.0,79200.0,32000.0,0,1,0,1,1,0,0,1,1,0
23.0,3,39600.0,40100.0,79700.0,23000.0,0,0,0,0,1,2,0,1,0,1
23.0,3,53300.0,25500.0,78800.0,20000.0,0,1,0,0,1,2,0,1,0,1
23.0,3,37500.0,40000.0,77500.0,25000.0,0,0,1,0,1,0,0,1,0,1
23.0,2,37800.0,40900.0,78700.0,22000.0,0,0,1,0,1,0,0,1,1,0
23.0,3,52800.0,25500.0,78300.0,21000.0,0,1,1,0,1,2,0,1,0,1
23.0,2,35400.0,40400.0,75800.0,27000.0,0,0,1,1,1,2,0,1,1,0
23.0,3,35600.0,40000.0,75600.0,24000.0,0,0,1,0,1,0,0,1,0,1
23.0,2,35500.0,40600.0,76100.0,23000.0,0,0,1,0,1,2,0,1,0,1
23.0,3,50400.0,900.0,51300.0,20000.0,0,1,0,1,1,0,0,1,1,0
23.0,2,33100.0,40700.0,73800.0,21000.0,0,0,0,0,1,2,0,1,0,1
23.0,3,32500.0,40700.0,73200.0,29000.0,0,0,1,1,1,0,0,1,1,0
23.0,3,32800.0,100.0,32900.0,20000.0,0,0,1,0,1,0,0,1,0,1
23.0,3,30100.0,40600.0,70700.0,29000.0,0,0,1,0,1,2,0,1,0,1
23.0,4,34600.0,35600.0,70200.0,32000.0,0,0,0,1,1,0,0,1,1,0
23.0,3,39500.0,30800.0,70300.0,27000.0,0,0,1,0,1,2,0,1,1,0
23.0,2,37200.0,32600.0,69800.0,27000.0,0,0,1,0,1,2,0,1,1,0
23.0,3,40600.0,28800.0,69400.0,32000.0,0,0,1,1,1,0,0,1,1,0
23.0,3,38200.0,30400.0,68600.0,22000.0,0,0,1,0,1,0,0,1,0,1
23.0,4,38100.0,28600.0,66700.0,33000.0,0,0,1,1,1,0,0,1,1,0
23.0,4,38100.0,28100.0,66200.0,31000.0,0,0,1,0,1,0,0,1,0,1
23.0,2,37100.0,28200.0,65300.0,31000.0,0,0,0,0,1,2,0,1,0,1
23.0,3,37100.0,28500.0,65600.0,30000.0,0,0,1,0,1,0,0,1,0,1
23.0,1,32900.0,30300.0,63200.0,27000.0,0,0,1,1,1,2,0,1,0,1
23.0,3,32100.0,30700.0,62800.0,26000.0,0,0,0,0,1,0,0,1,1,0
23.0,3,32700.0,30200.0,62900.0,24000.0,0,0,1,0,1,0,0,1,1,0
23.0,2,37000.0,25100.0,62100.0,19000.0,0,0,0,1,1,2,0,1,0,1
23.0,3,30100.0,30400.0,60500.0,27000.0,0,0,0,0,1,2,0,1,0,1
23.0,3,30000.0,30400.0,60400.0,23000.0,0,0,0,0,1,0,0,1,1,0
23.0,2,59500.0,0.0,59500.0,33000.0,1,1,0,0,0,0,0,1,1,0
23.0,2,31700.0,28800.0,60500.0,32000.0,0,0,1,1,1,0,0,1,0,1
23.0,4,31900.0,28400.0,60300.0,30000.0,0,0,0,1,1,0,0,1,0,1
23.0,3,59100.0,0.0,59100.0,23000.0,0,1,0,1,0,2,0,1,1,0
23.0,2,34200.0,25700.0,59900.0,19000.0,0,0,0,0,1,0,0,1,0,1
23.0,4,58200.0,0.0,58200.0,30000.0,0,1,1,0,0,0,0,1,0,1
23.0,3,58100.0,0.0,58100.0,30000.0,0,1,0,1,0,0,0,1,0,1
23.0,3,58500.0,0.0,58500.0,26000.0,0,1,1,0,0,0,0,1,0,1
23.0,3,58700.0,0.0,58700.0,24000.0,0,1,1,0,0,2,0,1,1,0
23.0,2,58600.0,0.0,58600.0,24000.0,1,1,1,1,0,0,0,1,0,1
23.0,3,58100.0,0.0,58100.0,18000.0,0,1,1,1,0,2,0,1,0,1
23.0,4,57300.0,0.0,57300.0,29000.0,0,1,1,1,0,2,0,1,1,0
23.0,1,57400.0,0.0,57400.0,28000.0,0,1,0,0,0,0,0,1,0,1
23.0,3,57600.0,20225.5593220339,57600.0,28000.0,0,1,0,1,0,0,0,1,0,1
23.0,2,57200.0,0.0,57200.0,24000.0,0,1,0,0,0,0,0,1,0,1
23.0,3,56900.0,0.0,56900.0,31000.0,0,1,0,1,0,0,0,1,1,0
23.0,4,56400.0,0.0,56400.0,29000.0,0,1,1,0,0,0,0,1,1,0
23.0,2,56900.0,0.0,56900.0,26000.0,1,1,1,0,0,0,0,1,1,0
23.0,3,55600.0,0.0,55600.0,29000.0,0,1,1,0,0,0,0,1,0,1
23.0,3,55700.0,0.0,55700.0,25000.0,0,1,1,0,0,0,0,1,0,1
23.0,3,55300.0,0.0,55300.0,23000.0,0,1,1,1,0,2,0,1,1,0
23.0,3,54300.0,20225.5593220339,54300.0,27000.0,0,1,1,1,0,2,0,1,0,1
23.0,2,54600.0,0.0,54600.0,25000.0,1,1,1,1,0,0,0,1,1,0
23.0,2,54400.0,20225.5593220339,54400.0,21000.0,0,1,0,0,0,2,0,1,1,0
23.0,3,53100.0,0.0,53100.0,23000.0,0,1,1,0,0,2,0,1,0,1
23.0,3,52000.0,0.0,52000.0,26000.0,0,1,0,0,0,0,0,1,1,0
23.0,3,52600.0,0.0,52600.0,22000.0,0,1,0,0,0,0,0,1,1,0
23.0,3,52900.0,20225.5593220339,52900.0,18000.0,0,1,1,0,0,2,0,1,0,1
23.0,2,51400.0,0.0,51400.0,31000.0,1,1,0,0,0,0,0,1,1,0
23.0,2,51100.0,0.0,51100.0,25000.0,0,1,1,1,0,0,0,1,0,1
23.0,3,51900.0,0.0,51900.0,23000.0,0,1,0,1,0,0,0,1,1,0
23.0,3,51400.0,0.0,51400.0,20000.0,0,1,0,0,0,0,0,1,0,1
23.0,2,50900.0,0.0,50900.0,33000.0,0,1,1,0,0,0,0,1,0,1
23.0,2,37000.0,0.0,37000.0,33000.0,1,0,1,1,0,0,0,1,0,1
23.0,2,36200.0,0.0,36200.0,28000.0,1,0,1,1,0,0,0,1,0,1
23.0,4,35400.0,0.0,35400.0,28000.0,0,0,0,0,0,0,0,1,1,0
23.0,2,35800.0,0.0,35800.0,26000.0,1,0,1,0,0,0,0,1,0,1
23.0,0,35700.0,0.0,35700.0,22000.0,1,0,0,1,0,0,0,1,1,0
23.0,1,35600.0,0.0,35600.0,22000.0,0,0,1,0,0,0,0,1,1,0
23.0,2,34000.0,0.0,34000.0,25000.0,1,0,0,0,0,0,0,1,1,0
23.0,3,33200.0,0.0,33200.0,32000.0,0,0,1,0,0,0,0,1,0,1
23.0,3,33000.0,0.0,33000.0,22000.0,0,0,1,0,0,0,0,1,1,0
23.0,4,32200.0,0.0,32200.0,30000.0,0,0,1,0,0,0,0,1,0,1
23.0,2,32300.0,0.0,32300.0,29000.0,1,0,0,0,0,0,0,1,1,0
23.0,3,32200.0,0.0,32200.0,19000.0,0,0,1,0,0,2,0,1,0,1
23.0,3,31500.0,0.0,31500.0,31000.0,0,0,0,1,0,0,0,1,0,1
23.0,4,31100.0,0.0,31100.0,18000.0,0,0,1,1,0,2,0,1,0,1
22.0,2,56100.0,45200.0,101300.0,20000.0,0,1,1,1,1,2,0,1,0,1
22.0,4,60200.0,40800.0,101000.0,27000.0,0,1,1,0,1,2,0,1,0,1
22.0,3,55900.0,45500.0,101400.0,19000.0,0,1,0,0,1,2,0,1,0,1
22.0,4,59600.0,40100.0,99700.0,30000.0,0,1,0,0,1,0,0,1,1,0
22.0,2,58700.0,40900.0,99600.0,30000.0,0,1,0,0,1,0,0,1,1,0
22.0,3,57600.0,40800.0,98400.0,25000.0,0,1,1,0,1,0,0,1,0,1
22.0,4,56300.0,40500.0,96800.0,28000.0,0,1,1,1,1,0,0,1,1,0
22.0,4,55400.0,40500.0,95900.0,31000.0,0,1,1,1,1,0,0,1,1,0
22.0,3,54600.0,40200.0,94800.0,27000.0,0,1,0,1,1,2,0,1,0,1
22.0,4,58000.0,35200.0,93200.0,30000.0,0,1,0,0,1,0,0,1,0,1
22.0,3,52900.0,40400.0,93300.0,32000.0,0,1,0,0,1,0,0,1,1,0
22.0,2,57300.0,35600.0,92900.0,31000.0,0,1,0,1,1,2,0,1,0,1
22.0,4,59000.0,32200.0,91200.0,28000.0,0,1,1,0,1,0,0,1,0,1
22.0,2,51200.0,40500.0,91700.0,27000.0,0,1,1,1,1,2,0,1,0,1
22.0,3,56400.0,35000.0,91400.0,19000.0,0,1,0,1,1,0,0,1,1,0
22.0,4,57300.0,32600.0,89900.0,28000.0,0,1,1,1,1,0,0,1,1,0
22.0,4,56600.0,32900.0,89500.0,28000.0,0,1,0,0,1,0,1,0,0,1
22.0,3,58600.0,30700.0,89300.0,26000.0,0,1,1,0,1,2,0,1,1,0
22.0,2,58600.0,30200.0,88800.0,23000.0,0,1,1,0,1,2,0,1,0,1
22.0,3,58300.0,30300.0,88600.0,23000.0,0,1,1,0,1,2,0,1,1,0
22.0,2,53800.0,400.0,54200.0,20000.0,0,1,0,0,1,0,0,1,0,1
22.0,3,57600.0,30400.0,88000.0,22000.0,0,1,1,0,1,0,0,1,1,0
22.0,3,55700.0,30600.0,86300.0,24000.0,0,1,1,1,1,0,0,1,0,1
22.0,3,56600.0,28000.0,84600.0,32000.0,0,1,0,1,1,0,0,1,0,1
22.0,3,52000.0,32700.0,84700.0,29000.0,0,1,0,0,1,0,0,1,1,0
22.0,4,52900.0,32900.0,85800.0,28000.0,0,1,1,0,1,0,0,1,1,0
22.0,3,54500.0,30500.0,85000.0,24000.0,0,1,1,0,1,0,0,1,0,1
22.0,4,55400.0,28100.0,83500.0,33000.0,0,1,1,0,1,0,0,1,1,0
22.0,3,53700.0,30400.0,84100.0,23000.0,0,1,1,1,1,0,0,1,1,0
22.0,2,54500.0,28500.0,83000.0,30000.0,0,1,1,0,1,0,0,1,1,0
22.0,3,52800.0,30300.0,83100.0,24000.0,0,1,0,0,1,0,0,1,1,0
22.0,2,52500.0,30600.0,83100.0,23000.0,0,1,0,0,1,0,1,0,0,1
22.0,3,52300.0,30100.0,82400.0,22000.0,0,1,0,1,1,0,0,1,1,0
22.0,2,40100.0,40000.0,80100.0,26000.0,0,0,0,1,1,2,0,1,1,0
22.0,3,51600.0,28000.0,79600.0,32000.0,0,1,1,0,1,0,0,1,0,1
22.0,4,38700.0,40200.0,78900.0,30000.0,0,0,1,0,1,0,0,1,0,1
22.0,3,52300.0,25600.0,77900.0,27000.0,0,1,1,0,1,2,0,1,0,1
22.0,2,50200.0,25200.0,75400.0,21000.0,0,1,1,0,1,2,0,1,1,0
22.0,3,50000.0,25800.0,75800.0,19000.0,0,1,1,0,1,0,0,1,1,0
22.0,2,34400.0,40000.0,74400.0,28000.0,0,0,1,0,1,0,0,1,0,1
22.0,2,39800.0,700.0,40500.0,18000.0,0,0,0,0,1,2,0,1,0,1
22.0,3,33800.0,40500.0,74300.0,24000.0,0,0,0,0,1,2,0,1,0,1
22.0,2,38300.0,32000.0,70300.0,29000.0,0,0,1,1,1,2,0,1,0,1
22.0,3,34800.0,35700.0,70500.0,20000.0,0,0,0,0,1,0,0,1,1,0
22.0,2,38500.0,30000.0,68500.0,22000.0,0,0,1,0,1,0,0,1,1,0
22.0,3,40100.0,27800.0,67900.0,32000.0,0,0,1,1,1,0,0,1,1,0
22.0,2,36500.0,30200.0,66700.0,22000.0,0,0,0,0,1,0,0,1,0,1
22.0,2,34900.0,30900.0,65800.0,25000.0,0,0,1,1,1,0,0,1,0,1
22.0,3,33300.0,30500.0,63800.0,25000.0,0,0,1,0,1,0,0,1,1,0
22.0,3,34800.0,28100.0,62900.0,31000.0,0,0,0,0,1,0,1,0,0,1
22.0,3,31300.0,30900.0,62200.0,23000.0,0,0,1,1,1,2,0,1,1,0
22.0,4,60500.0,0.0,60500.0,29000.0,0,1,1,0,0,2,0,1,1,0
22.0,2,32100.0,28100.0,60200.0,27000.0,0,0,0,0,1,2,0,1,0,1
22.0,4,59800.0,20225.5593220339,59800.0,32000.0,0,1,1,0,0,0,0,1,0,1
22.0,3,59900.0,0.0,59900.0,21000.0,0,1,0,0,0,2,0,1,1,0
22.0,1,59200.0,0.0,59200.0,21000.0,0,1,1,0,0,2,0,1,1,0
22.0,2,59600.0,0.0,59600.0,20000.0,1,1,1,0,0,0,0,1,1,0
22.0,3,58500.0,0.0,58500.0,29000.0,0,1,1,0,0,2,0,1,1,0
22.0,1,58300.0,0.0,58300.0,25000.0,0,1,1,0,0,0,0,1,0,1
22.0,3,32600.0,20225.5593220339,59300.0,20000.0,0,0,1,0,1,0,0,1,1,0
22.0,2,33200.0,25700.0,58900.0,19000.0,0,0,0,0,1,2,0,1,0,1
22.0,4,57100.0,0.0,57100.0,32000.0,0,1,0,1,0,0,0,1,1,0
22.0,2,57100.0,0.0,57100.0,23000.0,1,1,1,0,0,0,0,1,1,0
22.0,2,56600.0,0.0,56600.0,29000.0,1,1,0,0,0,0,0,1,1,0
22.0,3,56400.0,0.0,56400.0,22000.0,0,1,0,0,0,0,0,1,1,0
22.0,4,55300.0,0.0,55300.0,29000.0,0,1,1,0,0,0,0,1,1,0
22.0,2,55200.0,0.0,55200.0,27000.0,1,1,1,0,0,0,0,1,0,1
22.0,3,53100.0,0.0,53100.0,26000.0,0,1,0,0,0,0,0,1,0,1
22.0,2,53200.0,0.0,53200.0,26000.0,1,1,1,0,0,0,0,1,0,1
22.0,3,53700.0,20225.5593220339,53700.0,25000.0,0,1,0,0,0,0,0,1,0,1
22.0,3,53800.0,0.0,53800.0,18000.0,0,1,1,0,0,2,0,1,0,1
22.0,2,52100.0,20225.5593220339,52100.0,30000.0,1,1,1,0,0,0,0,1,1,0
22.0,3,52100.0,20225.5593220339,52100.0,28000.0,0,1,1,0,0,0,0,1,1,0
22.0,2,52500.0,0.0,52500.0,18000.0,0,1,1,0,0,2,0,1,1,0
22.0,4,51200.0,0.0,51200.0,32000.0,0,1,0,0,0,0,0,1,1,0
22.0,0,51900.0,0.0,51900.0,23000.0,1,1,1,1,0,0,0,1,0,1
22.0,2,51300.0,0.0,51300.0,22000.0,0,1,1,0,0,2,0,1,1,0
22.0,3,51900.0,0.0,51900.0,19000.0,0,1,0,1,0,0,0,1,0,1
22.0,3,40000.0,0.0,40000.0,24000.0,0,0,0,0,0,0,0,1,0,1
22.0,3,39600.0,0.0,39600.0,24000.0,0,0,0,0,0,0,0,1,0,1
22.0,0,39700.0,20225.5593220339,39700.0,23000.0,1,0,1,1,0,0,0,1,0,1
22.0,3,38000.0,20225.5593220339,38000.0,23000.0,0,0,0,1,0,2,0,1,0,1
22.0,3,38600.0,0.0,38600.0,22000.0,0,0,0,1,0,0,0,1,0,1
22.0,0,38000.0,0.0,38000.0,21000.0,1,0,1,0,0,0,0,1,1,0
22.0,3,36000.0,0.0,36000.0,33000.0,0,0,0,0,0,0,0,1,1,0
22.0,2,36700.0,0.0,36700.0,24000.0,1,0,1,0,0,0,0,1,1,0
22.0,3,36000.0,0.0,36000.0,23000.0,0,0,1,0,0,0,0,1,1,0
22.0,3,34700.0,0.0,34700.0,20000.0,0,0,1,1,0,2,0,1,0,1
22.0,3,34000.0,0.0,34000.0,19000.0,0,0,1,0,0,0,0,1,0,1
22.0,2,33300.0,0.0,33300.0,27000.0,1,0,0,1,0,0,0,1,0,1
22.0,4,32000.0,20225.5593220339,32000.0,31000.0,0,0,0,0,0,0,0,1,1,0
22.0,2,32900.0,0.0,32900.0,30000.0,1,0,0,1,0,0,0,1,1,0
22.0,3,32200.0,20225.5593220339,32200.0,24000.0,0,0,1,1,0,0,0,1,1,0
22.0,4,31600.0,0.0,31600.0,31000.0,0,0,0,0,0,0,0,1,0,1
